89.71641173621394 1000
112.9462705897083 1000
142.19093021276385 1000
179.0077753714993 1000
225.35743732392234 1000
283.70820458389755 1000
357.16746828516744 1000
449.6472020903842 1000
566.0722890537315 1000
712.6427896022353 1000
897.1641173621395 1000
1129.4627058970832 1000
1421.9093021276385 1000
1790.0777537149927 1000
2253.574373239223 1000
2837.082045838976 1000
3571.6746828516743 1000
4496.472020903842 1000
5660.722890537317 1000
7126.427896022353 1000
8971.641173621394 1000
11294.627058970833 1000
14219.093021276385 1000
17900.777537149927 1000
22535.743732392235 1000
28370.820458389757 1000
35716.74682851674 1000
44964.720209038416 1000
56607.228905373166 1000
71264.27896022369 1000
89716.4117362141 1000
112946.27058970832 1000
142190.93021276384 1000
179007.7753714993 1000
225357.43732392284 1000
283708.2045838981 1000
357167.4682851675 1000
449647.2020903842 1000
566072.2890537315 1000
712642.7896022369 1000
897164.117362141 1000
1129462.7058970833 1000
1421909.3021276386 1000
1790077.7537149948 1000
2253574.373239228 1000
2837082.045838978 1000
3571674.6828516745 1000
4496472.0209038425 1000
5660722.890537323 1000
7126427.896022367 1000
8971641.173621403 1000
11294627.058970831 1000
14219093.021276385 1000
17900777.537149947 1000
22535743.732392278 1000
28370820.45838978 1000
35716746.828516744 1000
44964720.20903842 1000
56607228.90537322 1000
71264278.96022367 1000
89716411.73621403 1000
112946270.58970831 1000
142190930.21276385 1000
179007775.37149948 1000
225357437.3239228 1000
283708204.5838978 1000
357167468.2851674 1000
449647202.0903842 1000
566072289.0537323 1000
712642789.6022369 1000
897164117.3621402 1000
1129462705.897083 1000
1421909302.1276383 1000
1790077753.714995 1000
2253574373.2392282 1000
2837082045.8389783 1000
3571674682.8516746 1000
4496472020.903847 1000
5660722890.537327 1000
7126427896.022368 1000
8971641173.621403 1000
11294627058.97083 1000
14219093021.276384 1000
17900777537.14995 1000
22535743732.392303 1000
28370820458.38981 1000
35716746828.51675 1000
44964720209.03842 1000
56607228905.373215 1000
71264278960.22377 1000
89716411736.2141 1000
112946270589.7083 1000
142190930212.76385 1000
179007775371.4997 1000
225357437323.92322 1000
283708204583.8981 1000
357167468285.1675 1000
449647202090.38416 1000
566072289053.7329 1000
712642789602.2382 1000
897164117362.1411 1000
1129462705897.083 1000
1421909302127.6384 1000
1790077753714.9968 1000
2253574373239.2324 1000
2837082045838.9805 1000
3571674682851.6743 1000
4496472020903.842 1000
5660722890537.329 1000
7126427896022.383 1000
8971641173621.41 1000
11294627058970.83 1000
14219093021276.387 1000
17900777537149.97 1000
22535743732392.33 1000
28370820458389.81 1000
35716746828516.74 1000
44964720209038.42 1000
56607228905373.29 1000
71264278960223.81 1000
89716411736214.11 1000
