150000.00000000547
151514.79049690592
153060.48386806514
154638.03540282423
156248.44016949818
157892.73510746847
159572.0012524404
161287.36610513166
163040.00615509236
164831.14956977943
166662.07906324227
168534.13495748502
170448.71845351922
172407.29512646384
174411.39866457845
176462.6348729031
178562.68596088886
180713.3151411531
182916.37156333774
185173.79561314805
187487.62460930806
189859.998931023
192293.16861729894
194789.5004796119
195000.00000002148
196969.08684974944
197351.48577537824
198978.34018954769
199981.74849391283
201029.00148874192
202683.05431366884
203122.3639023177
205259.77498899665
205458.32029493627
207442.63960203243
208310.6253786389
209672.4229661511
211243.22177040967
211950.65395535156
214259.54730010967
214278.92858649825
216658.91374485794
217363.23885356
219092.35116160972
220558.1469872537
221581.0616612022
223848.3518498806
224126.9497015312
226732.00823098532
227238.18054864017
229398.3238868393
230000.00000004188
230732.2261159048
232128.08256500267
232322.38353143708
234335.36824967145
234692.13627595664
234923.5753922066
237110.7221573284
237787.20513343645
238052.79602607776
239579.6660376554
240721.49307423615
241890.03280587634
242100.5569210606
243729.08641786972
244675.05136170893
245852.96358432798
246812.76624335587
247304.87709042174
249947.86507130292
249975.45607512907
249991.8368789782
252737.81265761005
253220.2311183105
254181.43882262276
255544.76990672274
256550.3282230498
258414.76234509828
258560.84779169993
259969.15664311885
261349.93693625787
263093.7567187025
263480.30966664833
264352.53923997754
267087.577200053
267424.9191364506
267788.3768364944
270569.5369541809
270794.9593988296
272653.5154415181
273788.97003398323
274606.68144752225
277085.91976785526
277698.6309574696
278527.20960472163
280463.2191506249
282561.2686396571
282933.89421545237
283923.8408910356
286713.8608036701
287470.9061293601
288370.2567839869
290990.28649787325
291107.69381646113
294019.5273150583
294837.6508118729
295396.16681359295
298664.4027680939
299894.45702267234
299937.46815040294
302591.765872091
304620.52913436136
306008.8355936971
306623.7595234813
309452.0900950284
310764.6200396297
312377.5990486062
314439.325386475
315018.81548335275
319016.951322682
319391.0617245726
319589.8788787699
323886.3398545113
324911.9029893626
325944.501648141
328509.9150908327
330414.10167137306
333179.42018411803
333267.357320608
336105.7778355259
338164.56345260364
340742.6147843005
341996.8857491597
343207.78176503634
348098.08903010853
348403.6384609984
348656.93232818146
353759.16666809056
354420.824946726
356947.3886877343
359281.83814873756
360977.37583739695
364979.5980216866
365641.4321954912
367780.94858621754
370860.90283237584
374769.2464432138
374845.7632345928
376934.76235695137
382187.1519774894
383210.7855716613
384364.09943211573
389699.2312819525
389821.6699910333
394462.74756030884
396411.06396955875
397767.2197742517
403358.0154973468
405105.90475915436
406043.1909658584
410552.6533997002
414670.61792832037
416338.78936032904
418008.45659339376
423672.3577895339
425739.89946653036
428211.7641332587
433073.2921059494
433762.54544675304
440781.0885321955
442093.1513175703
442900.5558829126
450749.78375177504
453183.79837904515
454109.8067696141
459751.9497623788
463955.48095809954
468268.8011822129
469120.7430473247
475251.2182706312
478879.0085345726
483338.04788465897
487110.17029531096
489051.5278191066
499408.12147066963
499575.49430124555
499665.22865315457
510749.42220500024
512694.8676840852
516582.0082752249
522336.0724748766
526521.0949742328
534460.1030638963
534977.3045164648
541112.8152446361
547159.7474758829
554728.897959793
556535.3298146859
560476.9503245736
572861.5747810681
574457.8282818574
575992.2616867526
589153.2013962518
590173.268783523
598947.5290942632
604619.2076259814
608562.2739265974
620918.0161788646
623804.5747337434
628132.2174391254
638118.6586765319
649000.4341710858
650809.4023882925
656298.0014563478
671300.3063664892
675541.8877399986
680252.2493481975
695184.0986558987
695946.4852707147
712477.9684840969
717619.8837947701
720826.4147535656
740683.9980445122
747899.4693782927
748428.440575117
765276.8464847566
778223.1901964729
787015.3207151488
791555.2951378351
810482.0417355685
819698.3808588875
830433.0928273809
845522.9478718332
849911.3616614472
878900.7401342847
882430.6861637497
883720.8422400097
917530.1343078731
925520.9562770993
933349.4347787406
955528.4635221864
971456.0387102036
994953.0140585732
996799.0076850139
1022168.8744276431
1041781.8342959434
1065212.029403229
1078442.0985905058
1090999.2887440207
1141238.2047046642
1145076.0748773152
1146075.0627563752
1204765.4869308714
1211754.0321215545
1240117.950471593
1270984.096170159
1291496.1931383144
1344858.2301144425
1350815.5939861746
1382387.3888425685
1427787.1662461788
1482966.663089174
1486919.302365607
1521530.4372230417
1608377.4643860443
1628330.5985667114
1643380.2112939411
1751089.281013692
1751180.4086422552
1842030.1370811954
1893625.2256890675
1921405.9536342688
2061061.8192160896
2094086.3082682919
2127634.573742206
2260425.2635731897
2382351.2262651874
2423680.428569887
2501596.690661059
2704374.0674955836
2798880.8927129772
2871320.431628638
3123263.0191886774
3173692.563357293
3509488.092368765
3659354.5894647744
3687739.9469929473
4310055.580797868
4477617.910769203
4482613.782171894
5218254.821385542
5664092.7019370105
6062718.101064989
6549119.019288945
7531769.881660983
8604719.884613872
8859539.650089443
10641244.6217175
11907435.867718078
13845847.753026899
15786417.421315072
17144477.244873933
