0
200	1777.03	100000000000000.1
5	0	0	1
5	0	0	0
7.544582441876986	-0.05237143340538361
7.668349904834578	-0.03276385459815364
7.79211736779217	-0.02480335814359069
7.915884830749762	-0.01976269442197802
8.039652293707356	-0.01628990805153659
8.163419756664949	-0.01364130174732828
8.287187219622542	-0.0115415300934489
8.410954682580135	-0.009836462216164745
8.534722145537728	-0.008427722482760093
8.658489608495321	-0.007249405828142323
8.782257071452914	-0.00625471717336893
8.906024534410507	-0.005409231415753026
9.0297919973681	-0.004686747001843862
9.153559460325694	-0.004066820428068401
9.277326923283287	-0.003533150600429674
9.40109438624088	-0.00307256349592674
9.524861849198473	-0.002674209029465167
9.648629312156066	-0.002329101371311692
9.772396775113659	-0.002029710427678225
9.896164238071252	-0.001769666122089979
10.01993170102885	-0.001543594508299772
10.14369916398644	-0.001346880422366425
10.26746662694403	-0.001175595912654764
10.39123408990162	-0.0010263709922287
10.51500155285922	-0.0008962824695086835
10.63876901581681	-0.0007828449809856676
10.7625364787744	-0.0006838686857206633
10.886303941732	-0.0005974962378966889
11.01007140468959	-0.0005220824495484376
11.13383886764718	-0.0004562232225474756
11.25760633060478	-0.0003987006242518899
11.38137379356237	-0.0003484364951645317
11.50514125651996	-0.0003045243892117981
11.62890871947756	-0.0002661384922683374
11.75267618243515	-0.0002325912587213171
11.87644364539274	-0.0002032516497703304
12.00021110835034	-0.0001776086941426503
12.12397857130793	-0.0001551810874992179
12.24774603426552	-0.0001355657658217248
12.37151349722311	-0.0001183986145663466
12.49528096018071	-0.0001033714121628791
12.6190484231383	-9.021420609115239e-05
12.74281588609589	-7.869269597438843e-05
12.86658334905349	-6.860286688449974e-05
12.99035081201108	-5.97669286234584e-05
13.11411827496867	-5.202973867637995e-05
13.23788573792627	-4.525578994423154e-05
13.36165320088386	-3.932662881877795e-05
13.48542066384145	-3.413860899310572e-05
13.60918812679905	-2.960098824079639e-05
13.73295558975664	-2.563425657344181e-05
13.85672305271423	-2.216870601617542e-05
13.98049051567182	-1.914318192413778e-05
14.10425797862942	-1.650400598394655e-05
14.22802544158701	-1.420403653096547e-05
14.3517929045446	-1.220184389147577e-05
14.4755603675022	-1.046100310305262e-05
14.59932783045979	-8.949474353388951e-06
14.72309529341738	-7.639053802684021e-06
14.84686275637498	-6.504906550239202e-06
14.97063021933257	-5.525151600657851e-06
15.09439768229016	-4.680501136058301e-06
15.21816514524776	-3.95395086292023e-06
15.34193260820535	-3.330498587310753e-06
15.46570007116294	-2.796912150842418e-06
15.58946753412054	-2.341515839579644e-06
15.71323499707813	-1.954010116468711e-06
15.83700246003572	-1.625315073043192e-06
15.96076992299331	-1.347430138416913e-06
16.08453738595091	-1.11331499826514e-06
16.2083048489085	-9.167831700644954e-07
16.33207231186609	-7.524108809754018e-07
16.45583977482368	-6.154535104003166e-07
16.57960723778127	-5.017744155079941e-07
16.70337470073886	-4.077789533769764e-07
16.82714216369645	-3.303558429338941e-07
16.95090962665405	-2.66824598028374e-07
17.07467708961164	-2.148860196358836e-07
17.19844455256923	-1.725784115361705e-07
17.32221201552682	-1.382363013281018e-07
17.44597947848441	-1.1045363921928e-07
17.569746941442	-8.804941239086749e-08
17.69351440439959	-7.003724868286713e-08
17.81728186735718	-5.559742850641452e-08
17.94104933031478	-4.405241490846608e-08
18.06481679327237	-3.484482353344921e-08
18.18858425622996	-2.751835617358891e-08
18.31235171918755	-2.170107295778011e-08
18.43611918214514	-1.709112823078886e-08
18.55988664510273	-1.344443238632168e-08
18.68365410806032	-1.056444421211756e-08
18.80742157101792	-8.293289847562885e-09
18.93118903397551	-6.504690134688907e-09
19.0549564969331	-5.097794177479302e-09
19.17872395989069	-3.9923683399408e-09
19.30249142284828	-3.124651222889275e-09
19.42625888580587	-2.444136300849882e-09
19.55002634876346	-1.910851244610974e-09
19.67379381172105	-1.49324201548871e-09
19.79756127467865	-1.16642177748468e-09
19.92132873763624	-9.107993531243232e-10
20.04509620059383	-7.109639904804877e-10
20.16886366355142	-5.548122546684636e-10
20.29263112650901	-4.328430643914173e-10
20.4163985894666	-3.376088566257456e-10
20.54016605242419	-2.632726873105993e-10
20.66393351538179	-2.052657197275182e-10
20.78770097833938	-1.600123339738579e-10
20.91146844129697	-1.24716779450004e-10
21.03523590425456	-9.719333379125482e-11
21.15900336721215	-7.573467160250186e-11
21.28277083016974	-5.900705878187114e-11
21.40653829312733	-4.596945892366096e-11
21.53030575608492	-3.580916719286149e-11
21.65407321904252	-2.789219021950798e-11
21.77784068200011	-2.172385526041528e-11
21.9016081449577	-1.691844540192441e-11
22.02537560791529	-1.317512991936128e-11
22.14914307087288	-1.025942414240374e-11
22.27291053383047	-7.988529373660596e-12
22.39667799678806	-6.219940610347351e-12
22.52044545974566	-4.842659516951462e-12
22.64421292270325	-3.770165607128288e-12
22.76798038566084	-2.935062764358024e-12
22.89174784861843	-2.284835973401917e-12
23.01551531157602	-1.778585415360366e-12
23.13928277453361	-1.384447435958e-12
23.2630502374912	-1.077609607848796e-12
23.38681770044879	-8.387441342887779e-13
23.51058516340639	-6.528022343511842e-13
23.63435262636398	-5.080629203177414e-13
23.75812008932157	-3.954011889509856e-13
23.88188755227916	-3.07710741575679e-13
24.00565501523675	-2.394595177813967e-13
24.12942247819434	-1.863400205043954e-13
24.25318994115193	-1.44999085365124e-13
24.37695740410953	-1.128259084736094e-13
24.50072486706712	-8.778848512776218e-14
24.62449233002471	-6.830475004495595e-14
24.7482597929823	-5.314337907241126e-14
24.87202725593989	-4.134585141042396e-14
24.99579471889748	-3.216618308633066e-14
25.11956218185507	-2.502369192344793e-14
25.24332964481266	-1.946650170988778e-14
25.36709710777026	-1.514286847309459e-14
25.49086457072785	-1.17791299627753e-14
25.61463203368544	-9.162228430386171e-15
25.73839949664303	-7.126458728284976e-15
25.86216695960062	-5.542801114102935e-15
25.98593442255821	-4.310905147414483e-15
26.1097018855158	-3.352666355946674e-15
26.2334693484734	-2.607326593802005e-15
26.35723681143099	-2.027602789163475e-15
26.48100427438858	-1.576713444111154e-15
26.60477173734617	-1.226040280846654e-15
26.72853920030376	-9.533193704221141e-16
26.85230666326135	-7.412308514360168e-16
26.97607412621894	-5.763013111841228e-16
27.09984158917653	-4.480498727041292e-16
27.22360905213413	-3.483238807379373e-16
27.34737651509172	-2.70781976057633e-16
27.47114397804931	-2.104919236777808e-16
27.5949114410069	-1.63617441270843e-16
27.71867890396449	-1.271749137196065e-16
27.84244636692208	-9.884391403215465e-17
27.96621382987967	-7.682000521012441e-17
28.08998129283727	-5.969982943815613e-17
28.21374875579486	-4.639216712892607e-17
28.33751621875245	-3.604849713128693e-17
28.46128368171004	-2.800901724627771e-17
28.58505114466763	-2.17607481719058e-17
28.70881860762522	-1.690483803107266e-17
28.83258607058281	-1.313120686513335e-17
28.9563535335404	-1.019878680077265e-17
29.080120996498	-7.920168003514276e-18
29.20388845945559	-6.149678801306682e-18
29.32765592241318	-4.774076911739608e-18
29.45142338537077	-3.705345341110451e-18
29.57519084832836	-2.875072540175432e-18
29.69895831128595	-2.2300884245374e-18
29.82272577424354	-1.72907101604605e-18
29.94649323720114	-1.339907799846216e-18
30.07026070015873	-1.037644581934929e-18
30.19402816311632	-8.028901714279063e-19
30.31779562607391	-6.205781399208158e-19
30.4415630890315	-4.790016654777721e-19
30.56533055198909	-3.690655822894894e-19
30.68909801494668	-2.837040519090723e-19
30.81286547790427	-2.174280859710473e-19
30.93663294086187	-1.659736948588762e-19
31.06040040381946	-1.260288979360355e-19
31.18416786677705	-9.502122924323668e-20
31.30793532973464	-7.09527505118149e-20
31.43170279269223	-5.227183204106147e-20
31.55547025564982	-3.777350325731331e-20
31.67923771860741	-2.652210042775098e-20
31.80300518156501	-1.77910869989327e-20
31.9267726445226	-1.10164050988729e-20
32.05054010748019	-5.760103511165994e-21
32.17430757043778	-1.682120009441635e-21
0
200	1777.03	100000000000000.1
5	0	0	1
5	0	0	0
7.544582441876986	-0.00017534922257765
7.668349904834578	-4.071811586050364e-05
7.79211736779217	-2.020325236341443e-05
7.915884830749762	-1.208735496621687e-05
8.039652293707356	-7.890078844192508e-06
8.163419756664949	-5.416037341040441e-06
8.287187219622542	-3.839313472809415e-06
8.410954682580135	-2.779066414478613e-06
8.534722145537728	-2.041745569780174e-06
8.658489608495321	-1.516238621315178e-06
8.782257071452914	-1.135051648679348e-06
8.906024534410507	-8.548678255814459e-07
9.0297919973681	-6.468709074670131e-07
9.153559460325694	-4.912773453852246e-07
9.277326923283287	-3.741921420874206e-07
9.40109438624088	-2.856741649277872e-07
9.524861849198473	-2.185053483815031e-07
9.648629312156066	-1.673864610218789e-07
9.772396775113659	-1.283891316485135e-07
9.896164238071252	-9.858155063587785e-08
10.01993170102885	-7.576154876666454e-08
10.14369916398644	-5.826810406304621e-08
10.26746662694403	-4.484294259018313e-08
10.39123408990162	-3.453037172753154e-08
10.51500155285922	-2.66023683814156e-08
10.63876901581681	-2.050340122758207e-08
10.7625364787744	-1.580867497387036e-08
10.886303941732	-1.219301101291752e-08
11.01007140468959	-9.407091752029036e-09
11.13383886764718	-7.259610900470826e-09
11.25760633060478	-5.603631831381294e-09
11.38137379356237	-4.326291415082564e-09
11.50514125651996	-3.340720719148022e-09
11.62890871947756	-2.580068124709454e-09
11.75267618243515	-1.992867424114322e-09
11.87644364539274	-1.539482479731601e-09
12.00021110835034	-1.189267617497584e-09
12.12397857130793	-9.190919107572862e-10
12.24774603426552	-7.105097972333973e-10
12.37151349722311	-5.494983694856362e-10
12.49528096018071	-4.25063957525045e-10
12.6190484231383	-3.288699506495755e-10
12.74281588609589	-2.544710151749168e-10
12.86658334905349	-1.969080379850419e-10
12.99035081201108	-1.523584601158961e-10
13.11411827496867	-1.178729945238577e-10
13.23788573792627	-9.117427091793231e-11
13.36165320088386	-7.050259668055988e-11
13.48542066384145	-5.449734355121982e-11
13.60918812679905	-4.210598716868386e-11
13.73295558975664	-3.251386640777463e-11
13.85672305271423	-2.509027086431593e-11
13.98049051567182	-1.93466583270011e-11
14.10425797862942	-1.490457655858115e-11
14.22802544158701	-1.147073226374417e-11
14.3517929045446	-8.817839569467129e-12
14.4755603675022	-6.769705520419511e-12
14.59932783045979	-5.189769622998922e-12
14.72309529341738	-3.97215544675803e-12
14.84686275637498	-3.034809631020743e-12
14.97063021933257	-2.31411924919315e-12
15.09439768229016	-1.760801073112401e-12
15.21816514524776	-1.336663990828674e-12
15.34193260820535	-1.012138305768898e-12
15.46570007116294	-7.643269390050518e-13
15.58946753412054	-5.75519933981317e-13
15.71323499707813	-4.320199570588494e-13
15.83700246003572	-3.232491792879384e-13
15.96076992299331	-2.410417290502878e-13
16.08453738595091	-1.791062010057155e-13
16.2083048489085	-1.325991566839254e-13
16.33207231186609	-9.780153026641246e-14
16.45583977482368	-7.186145698840304e-14
16.57960723778127	-5.25992847218709e-14
16.70337470073886	-3.835248239067045e-14
16.82714216369645	-2.785809636326335e-14
16.95090962665405	-2.015931200163643e-14
17.07467708961164	-1.453468931065093e-14
17.19844455256923	-1.04420587220742e-14
17.32221201552682	-7.476129927497231e-15
17.44597947848441	-5.335063489133171e-15
17.569746941442	-3.795323815388167e-15
17.69351440439959	-2.692011546751094e-15
17.81728186735718	-1.904171018378284e-15
17.94104933031478	-1.343422113695021e-15
18.06481679327237	-9.455409933250838e-16
18.18858425622996	-6.640257861944401e-16
18.31235171918755	-4.653794037531062e-16
18.43611918214514	-3.255496993990327e-16
18.55988664510273	-2.273473834682376e-16
18.68365410806032	-1.585214080542547e-16
18.80742157101792	-1.103767979128508e-16
18.93118903397551	-7.675624612907641e-17
19.0549564969331	-5.331554345421532e-17
19.17872395989069	-3.699504282050538e-17
19.30249142284828	-2.564675609467746e-17
19.42625888580587	-1.776469203161334e-17
19.55002634876346	-1.229592402560249e-17
19.67379381172105	-8.504965977202441e-18
19.79756127467865	-5.87931749925018e-18
19.92132873763624	-4.062069853954295e-18
20.04509620059383	-2.805196209689823e-18
20.16886366355142	-1.936387360488698e-18
20.29263112650901	-1.336160515862856e-18
20.4163985894666	-9.216704211624978e-19
20.54016605242419	-6.355702432940816e-19
20.66393351538179	-4.381591291942347e-19
20.78770097833938	-3.019934410312564e-19
20.91146844129697	-2.080975682262213e-19
21.03523590425456	-1.433688164154999e-19
21.15900336721215	-9.875627543534549e-20
21.28277083016974	-6.801570080040179e-20
21.40653829312733	-4.683713451539986e-20
21.53030575608492	-3.224918276980867e-20
21.65407321904252	-2.220215055558981e-20
21.77784068200011	-1.528369967659989e-20
21.9016081449577	-1.052006801304575e-20
22.02537560791529	-7.240581518144331e-21
22.14914307087288	-4.983009593007591e-21
22.27291053383047	-3.429104367061538e-21
22.39667799678806	-2.359598842355856e-21
22.52044545974566	-1.623569509014273e-21
22.64421292270325	-1.117058823433485e-21
22.76798038566084	-7.685284937028415e-22
22.89174784861843	-5.287123033458765e-22
23.01551531157602	-3.637141021060664e-22
23.13928277453361	-2.501949392900333e-22
23.2630502374912	-1.720997197359262e-22
23.38681770044879	-1.183753208670519e-22
23.51058516340639	-8.141921697437667e-23
23.63435262636398	-5.599810026714402e-23
23.75812008932157	-3.85128360470106e-23
23.88188755227916	-2.648617391737796e-23
24.00565501523675	-1.821458733459188e-23
24.12942247819434	-1.252568173119142e-23
24.25318994115193	-8.61331723709925e-24
24.37695740410953	-5.922730643365457e-24
24.50072486706712	-4.072495950079173e-24
24.62449233002471	-2.800153426991046e-24
24.7482597929823	-1.925264753717092e-24
24.87202725593989	-1.323676377616447e-24
24.99579471889748	-9.100401742923403e-25
25.11956218185507	-6.256362263108065e-25
25.24332964481266	-4.301009661867003e-25
25.36709710777026	-2.956659346306231e-25
25.49086457072785	-2.032447406494136e-25
25.61463203368544	-1.397074600032603e-25
25.73839949664303	-9.602993510398072e-26
25.86216695960062	-6.600479378873725e-26
25.98593442255821	-4.536606754742254e-26
26.1097018855158	-3.11794610328525e-26
26.2334693484734	-2.142850525661179e-26
26.35723681143099	-1.472637791081301e-26
26.48100427438858	-1.01201330587794e-26
26.60477173734617	-6.954368020680088e-27
26.72853920030376	-4.778749939241947e-27
26.85230666326135	-3.283606038883898e-27
26.97607412621894	-2.256175686616415e-27
27.09984158917653	-1.550153773887997e-27
27.22360905213413	-1.065028316054193e-27
27.34737651509172	-7.316895702420072e-28
27.47114397804931	-5.026625101791801e-28
27.5949114410069	-3.453065703346415e-28
27.71867890396449	-2.372010335642642e-28
27.84244636692208	-1.629320409867253e-28
27.96621382987967	-1.11912643428403e-28
28.08998129283727	-7.686512381150646e-29
28.21374875579486	-5.279127340512681e-29
28.33751621875245	-3.625536667588261e-29
28.46128368171004	-2.489797466304785e-29
28.58505114466763	-1.70974745964289e-29
28.70881860762522	-1.174035210728466e-29
28.83258607058281	-8.061319408682127e-30
28.9563535335404	-5.534920296062064e-30
29.080120996498	-3.80006893696778e-30
29.20388845945559	-2.608864454651655e-30
29.32765592241318	-1.7909607809313e-30
29.45142338537077	-1.22941772602922e-30
29.57519084832836	-8.438908086388795e-31
29.69895831128595	-5.792305467847313e-31
29.82272577424354	-3.975480110084546e-31
29.94649323720114	-2.728382439968245e-31
30.07026070015873	-1.872375388409975e-31
30.19402816311632	-1.284864262894432e-31
30.31779562607391	-8.816428298272393e-32
30.4415630890315	-6.049288520413794e-32
30.56533055198909	-4.150367208456398e-32
30.68909801494668	-2.847369349499365e-32
30.81286547790427	-1.953307055781082e-32
30.93663294086187	-1.339897981892646e-32
31.06040040381946	-9.190555792785482e-33
31.18416786677705	-6.303550122061483e-33
31.30793532973464	-4.323110189551102e-33
31.43170279269223	-2.964696418706441e-33
31.55547025564982	-2.032971169978942e-33
31.67923771860741	-1.393969501599614e-33
31.80300518156501	-9.55745680103563e-34
31.9267726445226	-6.552354591699868e-34
32.05054010748019	-4.491814546473883e-34
32.17430757043778	-3.079118992210812e-34
