0
200	1777.03	100000000000000.1
5	0	0	1
5	0	0	0
7.544582441876986	-160.6555270161411
7.668349904834578	-100.3531475354749
7.79211736779217	-75.69100764011743
7.915884830749762	-60.0526170257572
8.039652293707356	-49.28457038662891
8.163419756664949	-41.08855082981578
8.287187219622542	-34.61038954963527
8.410954682580135	-29.36687417630975
8.534722145537728	-25.04886930738336
8.658489608495321	-21.45053433468328
8.782257071452914	-18.42239150852318
8.906024534410507	-15.86199553464653
9.0297919973681	-13.68178334315723
9.153559460325694	-11.81821872925171
9.277326923283287	-10.22128964295919
9.40109438624088	-8.849421572641038
9.524861849198473	-7.667329868718213
9.648629312156066	-6.648624320305919
9.772396775113659	-5.768344767549931
9.896164238071252	-5.007786304629675
10.01993170102885	-4.475146910737748
10.14369916398644	-3.779759712290601
10.26746662694403	-3.286158160077125
10.39123408990162	-2.857707322715992
10.51500155285922	-2.486595177945602
10.63876901581681	-2.163886935200983
10.7625364787744	-1.884173234199404
10.886303941732	-1.640849274815221
11.01007140468959	-1.430111284652916
11.13383886764718	-1.247958483916856
11.25760633060478	-1.087120519784954
11.38137379356237	-0.9489959876034867
11.50514125651996	-0.8278341299405176
11.62890871947756	-0.722854364209225
11.75267618243515	-0.6312263398930192
11.87644364539274	-0.5513863571170049
12.00021110835034	-0.4817230577875625
12.12397857130793	-0.4209125063604293
12.24774603426552	-0.3678079806221141
12.37151349722311	-0.3214029687860079
12.49528096018071	-0.2808334890173513
12.6190484231383	-0.2453507010037166
12.74281588609589	-0.2143061012929222
12.86658334905349	-0.1871368708574379
12.99035081201108	-0.1633540875197284
13.11411827496867	-0.1425324301467583
13.23788573792627	-0.1243015437551616
13.36165320088386	-0.1083386207410323
13.48542066384145	-0.09436203838492846
13.60918812679905	-0.08212590885582523
13.73295558975664	-0.07141538808053872
13.85672305271423	-0.06204260976921881
13.98049051567182	-0.05384320482335728
14.10425797862942	-0.0466732621334434
14.22802544158701	-0.04040672663808995
14.3517929045446	-0.03493309388430269
14.4755603675022	-0.03015545662570139
14.59932783045979	-0.02598878555647156
14.72309529341738	-0.02235841966328069
14.84686275637498	-0.01919878018030179
14.97063021933257	-0.01645222437870524
15.09439768229016	-0.01406805859683647
15.21816514524776	-0.01200168306323639
15.34193260820535	-0.01021382387072448
15.46570007116294	-0.008669889386500932
15.58946753412054	-0.007339389943594537
15.71323499707813	-0.006195438691937053
15.83700246003572	-0.0052143217822089
15.96076992299331	-0.004375112798677635
16.08453738595091	-0.003659347591248892
16.2083048489085	-0.003050733603577757
16.33207231186609	-0.002534905532769266
16.45583977482368	-0.002099202208804806
16.57960723778127	-0.00173248226303489
16.70337470073886	-0.001424955598892447
16.82714216369645	-0.001168038148908886
16.95090962665405	-0.0009542251665045118
17.07467708961164	-0.000776974481568
17.19844455256923	-0.0006306054496726562
17.32221201552682	-0.0005102049156260552
17.44597947848441	-0.0004115438170671118
17.569746941442	-0.000330998770473303
17.69351440439959	-0.0002654822267049225
17.81728186735718	-0.000212376564357556
17.94104933031478	-0.0001694752644541637
18.06481679327237	-0.0001349280862650067
18.18858425622996	-0.0001071921999136822
18.31235171918755	-8.498777434695689e-05
18.43611918214514	-6.725879590984988e-05
18.55988664510273	-5.313792425596831e-05
18.68365410806032	-4.191660753610515e-05
18.80742157101792	-3.301800457569397e-05
18.93118903397551	-2.597502272981191e-05
19.0549564969331	-2.041039680607592e-05
19.17872395989069	-1.602091805416417e-05
19.30249142284828	-1.25633850041651e-05
19.42625888580587	-9.843551503812432e-06
19.55002634876346	-7.706533432824448e-06
19.67379381172105	-6.029253038573072e-06
19.79756127467865	-4.714063492610069e-06
19.92132873763624	-3.683695041500757e-06
20.04509620059383	-2.877086068042757e-06
20.16886366355142	-2.246086674638531e-06
20.29263112650901	-1.752766702617041e-06
20.4163985894666	-1.367303907018862e-06
20.54016605242419	-1.066263997402606e-06
20.66393351538179	-8.31262998586084e-07
20.78770097833938	-6.4788600849502e-07
20.91146844129697	-5.04844219929331e-07
21.03523590425456	-3.933003291136674e-07
21.15900336721215	-3.063439127368209e-07
21.28277083016974	-2.385719943998711e-07
21.40653829312733	-1.857645585468682e-07
21.53030575608492	-1.446255388693417e-07
21.65407321904252	-1.125828260424176e-07
21.77784068200011	-8.762912728630617e-08
21.9016081449577	-6.819916817503399e-08
22.02537560791529	-5.307218761463273e-08
22.14914307087288	-4.129678971692299e-08
22.27291053383047	-3.213144821762869e-08
22.39667799678806	-2.499825777159712e-08
22.52044545974566	-1.944725520868837e-08
22.64421292270325	-1.512785275846098e-08
22.76798038566084	-1.176709016650053e-08
22.89174784861843	-9.152389615210905e-09
23.01551531157602	-7.118287680330009e-09
23.13928277453361	-5.535955887366276e-09
23.2630502374912	-4.305141196012874e-09
23.38681770044879	-3.347804158531043e-09
23.51058516340639	-2.603226482173701e-09
23.63435262636398	-2.024151624383853e-09
23.75812008932157	-1.573817925347767e-09
23.88188755227916	-1.223618759555457e-09
24.00565501523675	-9.51302731605815e-10
24.12942247819434	-7.395581296423377e-10
24.25318994115193	-5.749201297201384e-10
24.37695740410953	-4.469138719782492e-10
24.50072486706712	-3.473938599301178e-10
24.62449233002471	-2.700237647979615e-10
24.7482597929823	-2.098764759902352e-10
24.87202725593989	-1.631199828351207e-10
24.99579471889748	-1.267747118455268e-10
25.11956218185507	-9.85234612209737e-11
25.24332964481266	-7.656472921481154e-11
25.36709710777026	-5.949753143303704e-11
25.49086457072785	-4.623293663644644e-11
25.61463203368544	-3.592397148733668e-11
25.73839949664303	-2.791255491272838e-11
25.86216695960062	-2.168678936278678e-11
25.98593442255821	-1.684892819244427e-11
26.1097018855158	-1.308970110848942e-11
26.2334693484734	-1.016876453008281e-11
26.35723681143099	-7.899265964262821e-12
26.48100427438858	-6.136001171703508e-12
26.60477173734617	-4.766109859171582e-12
26.72853920030376	-3.701879661980765e-12
26.85230666326135	-2.875145425729779e-12
26.97607412621894	-2.232936004539106e-12
27.09984158917653	-1.734088777324082e-12
27.22360905213413	-1.346618383961748e-12
27.34737651509172	-1.045671864276793e-12
27.47114397804931	-8.11939349195468e-13
27.5949114410069	-6.304176357131491e-13
27.71867890396449	-4.894507161835504e-13
27.84244636692208	-3.799831805439925e-13
27.96621382987967	-2.949808998133122e-13
28.08998129283727	-2.289791704545403e-13
28.21374875579486	-1.777334299763316e-13
28.33751621875245	-1.379467985377561e-13
28.46128368171004	-1.070584255230303e-13
28.58505114466763	-8.307950092420063e-14
28.70881860762522	-6.446541871055671e-14
28.83258607058281	-5.001669736201728e-14
28.9563535335404	-3.880185100672545e-14
29.080120996498	-3.009753905961936e-14
29.20388845945559	-2.334215730841135e-14
29.32765592241318	-1.809962233435107e-14
29.45142338537077	-1.40313742999685e-14
29.57519084832836	-1.087456515649505e-14
29.69895831128595	-8.42514292584823e-15
29.82272577424354	-6.524708853556464e-15
29.94649323720114	-5.050308217438559e-15
30.07026070015873	-3.906505100398771e-15
30.19402816311632	-3.01922539512847e-15
30.31779562607391	-2.330982885432693e-15
30.4415630890315	-1.79716247576066e-15
30.56533055198909	-1.383143056509085e-15
30.68909801494668	-1.062059856855567e-15
30.81286547790427	-8.130680250127397e-16
30.93663294086187	-6.199940158286829e-16
31.06040040381946	-4.702903104410369e-16
31.18416786677705	-3.542226775501111e-16
31.30793532973464	-2.642399461440061e-16
31.43170279269223	-1.944848256012611e-16
31.55547025564982	-1.404141273321865e-16
31.67923771860741	-9.850430127000517e-17
31.80300518156501	-6.602264540422397e-17
31.9267726445226	-4.085018341931124e-17
32.05054010748019	-2.134369091131514e-17
32.17430757043778	-6.228787532074783e-18
0
200	1777.03	100000000000000.1
5	0	0	1
5	0	0	0
7.544582441876986	-0.5366128593453837
7.668349904834578	-0.1259055188285717
7.79211736779217	-0.06267343240612287
7.915884830749762	-0.03749943240723124
8.039652293707356	-0.02443973873248541
8.163419756664949	-0.01673462258185669
8.287187219622542	-0.01182652777887033
8.410954682580135	-0.008532257177822465
8.534722145537728	-0.006246509230692109
8.658489608495321	-0.004621630632667919
8.782257071452914	-0.003446393291507603
8.906024534410507	-0.002585294667321345
9.0297919973681	-0.001948202613750724
9.153559460325694	-0.001473327780423213
9.277326923283287	-0.001117318718344181
9.40109438624088	-0.0008492238845449116
9.524861849198473	-0.0006466129751398094
9.648629312156066	-0.0004930608690894472
9.772396775113659	-0.0003764233920634409
9.896164238071252	-0.0002876645193449411
10.01993170102885	-0.0002200187138259529
10.14369916398644	-0.000168400412496333
10.26746662694403	-0.0001289712351768917
10.39123408990162	-9.882681507466701e-05
10.51500155285922	-7.576358820351862e-05
10.63876901581681	-5.810691535910897e-05
10.7625364787744	-4.458180136257411e-05
10.886303941732	-3.421644054827401e-05
11.01007140468959	-2.626923055988175e-05
11.13383886764718	-2.017329959384039e-05
11.25760633060478	-1.549530170448065e-05
11.38137379356237	-1.190752464813711e-05
11.50514125651996	-9.172500973647277e-06
11.62890871947756	-7.050123453045313e-06
11.75267618243515	-5.432887015879167e-06
11.87644364539274	-4.185611950205836e-06
12.00021110835034	-3.227602828444088e-06
12.12397857130793	-2.49001678131357e-06
12.24774603426552	-1.921991535984922e-06
12.37151349722311	-1.484366118907376e-06
12.49528096018071	-1.14689226943356e-06
12.6190484231383	-8.864830300394441e-07
12.74281588609589	-6.854162834242794e-07
12.86658334905349	-5.30086082655606e-07
12.99035081201108	-4.100330631090717e-07
13.11411827496867	-3.172083772872429e-07
13.23788573792627	-2.454122315505031e-07
13.36165320088386	-1.898653656769202e-07
13.48542066384145	-1.468805549996845e-07
13.60918812679905	-1.136114136660863e-07
13.73295558975664	-8.785911633528942e-08
13.85672305271423	-6.792435256242123e-08
13.98049051567182	-5.249304634992291e-08
14.10425797862942	-4.054873411133127e-08
14.22802544158701	-3.130474393714698e-08
14.3517929045446	-2.41521535776308e-08
14.4755603675022	-1.861939430697346e-08
14.59932783045979	-1.434126029863394e-08
14.72309529341738	-1.10347956254669e-08
14.84686275637498	-8.480793487024217e-09
14.97063021933257	-6.509362373087743e-09
15.09439768229016	-4.988864289168047e-09
15.21816514524776	-3.817264720717146e-09
15.34193260820535	-2.915506932054369e-09
15.46570007116294	-2.222316485328692e-09
15.58946753412054	-1.690229385392717e-09
15.71323499707813	-1.282470626201083e-09
15.83700246003572	-9.705699240039249e-10
15.96076992299331	-7.32482987344062e-10
16.08453738595091	-5.511600325819395e-10
16.2083048489085	-4.134150592472534e-10
16.33207231186609	-3.09065414424742e-10
16.45583977482368	-2.302506971822728e-10
16.57960723778127	-1.709153096357302e-10
16.70337470073886	-1.26397927098921e-10
16.82714216369645	-9.312000422790034e-11
16.95090962665405	-6.833819498892457e-11
17.07467708961164	-4.99565758910341e-11
17.19844455256923	-3.637730951494661e-11
17.32221201552682	-2.638735007145575e-11
17.44597947848441	-1.90684134144025e-11
17.569746941442	-1.372874148282117e-11
17.69351440439959	-9.849015581450608e-12
17.81728186735718	-7.041491624286472e-12
17.94104933031478	-5.017774905697654e-12
18.06481679327237	-3.564591553623739e-12
18.18858425622996	-2.524846909508829e-12
18.31235171918755	-1.783491660351689e-12
18.43611918214514	-1.256596038577151e-12
18.55988664510273	-8.832705589258887e-13
18.68365410806032	-6.194996655476696e-13
18.80742157101792	-4.336295460631735e-13
18.93118903397551	-3.029682849783513e-13
19.0549564969331	-2.113247680659698e-13
19.17872395989069	-1.471772422235088e-13
19.30249142284828	-1.023608871732515e-13
19.42625888580587	-7.110232002982579e-14
19.55002634876346	-4.933410955423592e-14
19.67379381172105	-3.419550146379411e-14
19.79756127467865	-2.368087311889576e-14
19.92132873763624	-1.63858728681802e-14
20.04509620059383	-1.13298939547786e-14
20.16886366355142	-7.82880005832814e-15
20.29263112650901	-5.406448988050368e-15
20.4163985894666	-3.731632711556243e-15
20.54016605242419	-2.574448642400494e-15
20.66393351538179	-1.77535450261905e-15
20.78770097833938	-1.223841973033446e-15
20.91146844129697	-8.433687839067439e-16
21.03523590425456	-5.810072945480054e-16
21.15900336721215	-4.001533248550056e-16
21.28277083016974	-2.755299407279708e-16
21.40653829312733	-1.896769979766595e-16
21.53030575608492	-1.30550410857308e-16
21.65407321904252	-8.983863864181464e-17
21.77784068200011	-6.181324795777878e-17
21.9016081449577	-4.252410919766392e-17
22.02537560791529	-2.925059422025071e-17
22.14914307087288	-2.011779007712483e-17
22.27291053383047	-1.383506580456036e-17
22.39667799678806	-9.51342069169881e-18
22.52044545974566	-6.541162723800347e-18
22.64421292270325	-4.49711715715703e-18
22.76798038566084	-3.091590281478683e-18
22.89174784861843	-2.125179636152398e-18
23.01551531157602	-1.460771263774516e-18
23.13928277453361	-1.004011244967661e-18
23.2630502374912	-6.900350260988016e-19
23.38681770044879	-4.742161897844056e-19
23.51058516340639	-3.258819690284902e-19
23.63435262636398	-2.239335319236996e-19
23.75812008932157	-1.538716197640866e-19
23.88188755227916	-1.057241903703924e-19
24.00565501523675	-7.263939009999847e-20
24.12942247819434	-4.990540873648992e-20
24.25318994115193	-3.428514705518873e-20
24.37695740410953	-2.355281603935569e-20
24.50072486706712	-1.617943410949302e-20
24.62449233002471	-1.111380542941837e-20
24.7482597929823	-7.633898144177206e-21
24.87202725593989	-5.24335468763655e-21
24.99579471889748	-3.601276631695594e-21
25.11956218185507	-2.473336454315492e-21
25.24332964481266	-1.698612776593704e-21
25.36709710777026	-1.166500868471934e-21
25.49086457072785	-8.01051088904855e-22
25.61463203368544	-5.500659798795657e-22
25.73839949664303	-3.777058484534539e-22
25.86216695960062	-2.59341418937428e-22
25.98593442255821	-1.780632234618275e-22
26.1097018855158	-1.222518951137865e-22
26.2334693484734	-8.393070901499721e-23
26.35723681143099	-5.761889244932782e-23
26.48100427438858	-3.955419329344414e-23
26.60477173734617	-2.715179381835919e-23
26.72853920030376	-1.863750578142473e-23
26.85230666326135	-1.279248878300203e-23
26.97607412621894	-8.780215495066284e-24
27.09984158917653	-6.026051885701815e-24
27.22360905213413	-4.135642752261814e-24
27.34737651509172	-2.838116862379292e-24
27.47114397804931	-1.947598946813691e-24
27.5949114410069	-1.336427496595225e-24
27.71867890396449	-9.170073463843096e-25
27.84244636692208	-6.291820838339028e-25
27.96621382987967	-4.316789385105668e-25
28.08998129283727	-2.961562491823557e-25
28.21374875579486	-2.031708624122284e-25
28.33751621875245	-1.393724531344958e-25
28.46128368171004	-9.560319267092616e-26
28.58505114466763	-6.55755978396374e-26
28.70881860762522	-4.497709733497028e-26
28.83258607058281	-3.084710000555028e-26
28.9563535335404	-2.115514459316687e-26
29.080120996498	-1.450744088834476e-26
29.20388845945559	-9.948182903047425e-27
29.32765592241318	-6.821332648282514e-27
29.45142338537077	-4.677051211980384e-27
29.57519084832836	-3.206614800182947e-27
29.69895831128595	-2.198357092295103e-27
29.82272577424354	-1.507026097032822e-27
29.94649323720114	-1.033045513220513e-27
30.07026070015873	-7.080901625140411e-28
30.19402816311632	-4.85325380425199e-28
30.31779562607391	-3.326189757224691e-28
30.4415630890315	-2.279480078903433e-28
30.56533055198909	-1.562044992445886e-28
30.68909801494668	-1.070348354262796e-28
30.81286547790427	-7.333727701306176e-29
30.93663294086187	-5.024555645265438e-29
31.06040040381946	-3.442214300067596e-29
31.18416786677705	-2.358036179876823e-29
31.30793532973464	-1.615211537141848e-29
31.43170279269223	-1.106318351230526e-29
31.55547025564982	-7.576988383359755e-30
31.67923771860741	-5.188997245668376e-30
31.80300518156501	-3.553336298370568e-30
31.9267726445226	-2.433066876471922e-30
32.05054010748019	-1.665865683755973e-30
32.17430757043778	-1.1405258558016e-30
