0
200	0.510998902	100000000000000.1
5	0	0	1
5	0	0	0
-0.5891188896601621	-198.0946375925843
-0.4245809939630353	-120.7589769830645
-0.2600430982659084	-88.69288952829997
-0.09550520256878162	-68.72224716109342
0.0690326931283452	-54.56756336637034
0.233570588825472	-44.13190604456129
0.3981084845225988	-36.0507624021019
0.5626463802197257	-29.63705207009117
0.7271842759168525	-24.47267259000336
0.8917221716139794	-20.27236440877406
1.056260067311106	-16.83123243421987
1.220797963008233	-13.99728962690164
1.38533585870536	-11.65429528227981
1.549873754402487	-9.711545249270545
1.714411650099614	-8.09710350728963
1.87894954579674	-6.753215106420757
2.043487441493867	-5.633077626119822
2.208025337190994	-4.698508535303789
2.372563232888121	-3.918171577824082
2.537101128585248	-3.266237382702411
2.701639024282374	-2.721376662338837
2.866176919979501	-2.265880011479187
3.030714815676628	-1.885065255908497
3.195252711373755	-1.56669038725209
3.359790607070882	-1.300566485105456
3.524328502768009	-1.078190363468761
3.688866398465136	-0.8924563408808153
3.853404294162262	-0.7374250346056749
4.017942189859389	-0.608125475010026
4.182480085556516	-0.5003949117134802
4.347017981253642	-0.4107444019260927
4.511555876950768	-0.3362473189799526
4.676093772647895	-0.2744480465121413
4.840631668345021	-0.223283639171849
5.005169564042148	-0.1810210066413357
5.169707459739274	-0.1462022459751775
5.3342453554364	-0.1176013109905068
5.498783251133527	-0.09418571632538524
5.663321146830653	-0.07508650699388413
5.82785904252778	-0.05957166007007643
5.992396938224906	-0.04702486537675014
6.156934833922032	-0.03692745393864747
6.321472729619159	-0.02884342282448087
6.486010625316285	-0.02240691049732278
6.650548521013412	-0.01731168133054792
6.815086416710538	-0.01330229296275915
6.979624312407664	-0.01016659203837129
7.144162208104791	-0.00772931327578952
7.308700103801917	-0.005846551005985545
7.473237999499044	-0.004400965641812773
7.63777589519617	-0.003297607529593311
7.802313790893296	-0.002460235455524241
7.966851686590423	-0.001828169483296252
8.13138958228755	-0.00135349046066309
8.295927477984677	-0.0009987045926035342
8.460465373681803	-0.0007346840820123599
8.625003269378929	-0.0005389909461110074
8.789541165076056	-0.0003944652926725688
8.954079060773182	-0.0002880743686656651
9.118616956470309	-0.0002099821725980193
9.283154852167435	-0.0001528084218529265
9.447692747864561	-0.0001110440332351398
9.612230643561688	-8.059610218355776e-05
9.776768539258814	-5.843637154174082e-05
9.941306434955941	-4.23326182165656e-05
10.10584433065307	-3.064469107819069e-05
10.27038222635019	-2.217090663703016e-05
10.43492012204732	-1.603299360795431e-05
10.59945801774445	-1.159043038946234e-05
10.76399591344157	-8.376948647202414e-06
10.9285338091387	-6.053667130836172e-06
11.09307170483583	-4.374628033220262e-06
11.25760960053295	-3.161521988896835e-06
11.42214749623008	-2.285208747303999e-06
11.5866853919272	-1.652239120734595e-06
11.75122328762433	-1.195034066722869e-06
11.91576118332146	-8.647550269346518e-07
12.08029907901858	-6.261203530536351e-07
12.24483697471571	-4.536513677688394e-07
12.40937487041284	-3.289553013174935e-07
12.57391276610996	-2.387566404811734e-07
12.73845066180709	-1.73473058638988e-07
12.90298855750422	-1.261892476078006e-07
13.06752645320134	-9.191407646743885e-08
13.23206434889847	-6.704504985906346e-08
13.3966022445956	-4.898136103162267e-08
13.56114014029272	-3.584489433586197e-08
13.72567803598985	-2.627880475869998e-08
13.89021593168697	-1.930243635531974e-08
14.0547538273841	-1.420650754757715e-08
14.21929172308123	-1.047773850536008e-08
14.38382961877835	-7.744278397941264e-09
14.54836751447548	-5.736556069290849e-09
14.71290541017261	-4.258852359110335e-09
14.87744330586973	-3.168942542348e-09
15.04198120156686	-2.363285672460534e-09
15.20651909726399	-1.766422172345384e-09
15.37105699296111	-1.323229254607827e-09
15.53559488865824	-9.933938503363765e-10
15.70013278435536	-7.473575358184131e-10
15.86467068005249	-5.634185439569252e-10
16.02920857574962	-4.255944104921917e-10
16.19374647144674	-3.220970116278238e-10
16.35828436714387	-2.442127104205893e-10
16.522822262841	-1.85481102115763e-10
16.68736015853812	-1.411044947301665e-10
16.85189805423525	-1.075102061345367e-10
17.01643594993238	-8.203220576173297e-11
17.1809738456295	-6.267619058859233e-11
17.34551174132663	-4.794712304699684e-11
17.51004963702376	-3.672170433299122e-11
17.67458753272088	-2.815417675240496e-11
17.83912542841801	-2.160641889388512e-11
18.00366332411513	-1.659602014344789e-11
18.16820121981226	-1.275759035365865e-11
18.33273911550939	-9.813870153645289e-12
18.49727701120651	-7.554114730636238e-12
18.66181490690364	-5.81787222427994e-12
18.82635280260077	-4.482797696939036e-12
18.99089069829789	-3.455466549924296e-12
19.15542859399502	-2.66443874857792e-12
19.31996648969215	-2.055024089161067e-12
19.48450438538927	-1.585300590861443e-12
19.6490422810864	-1.223101789394975e-12
19.81358017678352	-9.437206653958936e-13
19.97811807248065	-7.281640483467943e-13
20.14265596817778	-5.618181579499685e-13
20.3071938638749	-4.334315074578993e-13
20.47173175957203	-3.343348657238304e-13
20.63626965526916	-2.578453874616496e-13
20.80080755096628	-1.988083471945604e-13
20.96534544666341	-1.532464564474232e-13
21.12988334236054	-1.180894587007549e-13
21.29442123805766	-9.096684689160533e-14
21.45895913375479	-7.004783164288008e-14
21.62349702945192	-5.391833197358487e-14
21.78803492514904	-4.148593784268605e-14
21.95257282084617	-3.190683847555845e-14
22.11711071654329	-2.452916861931846e-14
22.28164861224042	-1.884946495987674e-14
22.44618650793755	-1.447891328818416e-14
22.61072440363467	-1.111733250887829e-14
22.7752622993318	-8.533009998446212e-15
22.93980019502893	-6.547172602172851e-15
23.10433809072605	-5.021918788015215e-15
23.26887598642318	-3.850955444623621e-15
23.43341388212031	-2.952353341289481e-15
23.59795177781743	-2.263038979281028e-15
23.76248967351456	-1.734444672193012e-15
23.92702756921168	-1.329221544247531e-15
24.09156546490881	-1.018649935646401e-15
24.25610336060594	-7.806674343753007e-16
24.42064125630306	-5.983307794456172e-16
24.58517915200019	-4.586388074164712e-16
24.74971704769732	-3.516193263079427e-16
24.91425494339444	-2.696269120620527e-16
25.07879283909157	-2.068026115941976e-16
25.2433307347887	-1.586580890468047e-16
25.40786863048582	-1.217559558512463e-16
25.57240652618295	-9.346439961312734e-17
25.73694442188008	-7.176858461738148e-17
25.9014823175772	-5.512602154897988e-17
26.06602021327433	-4.23557732676172e-17
26.23055810897145	-3.255368208015352e-17
26.39509600466858	-2.502737314549031e-17
26.55963390036571	-1.924655017001627e-17
26.72417179606283	-1.480492595928763e-17
26.88870969175996	-1.139114367557416e-17
27.05324758745709	-8.766513370944011e-18
27.21778548315421	-6.747987867091807e-18
27.38232337885134	-5.195144404077236e-18
27.54686127454847	-4.000218183086941e-18
27.71139917024559	-3.080475548338401e-18
27.87593706594272	-2.372376240530995e-18
28.04047496163984	-1.827100951422178e-18
28.20501285733697	-1.407129135536639e-18
28.3695507530341	-1.083612378096997e-18
28.53408864873122	-8.343622515568378e-19
28.69862654442835	-6.423071371215002e-19
28.86316444012548	-4.94310033531643e-19
29.0277023358226	-3.802587627207089e-19
29.19224023151973	-2.923655503422292e-19
29.35677812721686	-2.24631624778124e-19
29.52131602291398	-1.724355654926853e-19
29.68585391861111	-1.32216414111802e-19
29.85039181430824	-1.012295780585538e-19
30.01492971000536	-7.735947486408117e-20
30.17946760570249	-5.897528512403204e-20
30.34400550139961	-4.481973849074647e-20
30.50854339709674	-3.392335485861913e-20
30.67308129279387	-2.553857921665567e-20
30.83761918849099	-1.908899122299152e-20
31.00215708418812	-1.4130140375062e-20
31.16669497988525	-1.031935637067557e-20
31.33123287558237	-7.392465473108097e-21
31.4957707712795	-5.145828087531417e-21
31.66030866697663	-3.422499218511926e-21
31.82484656267375	-2.101567975217616e-21
31.98938445837088	-1.08990103794456e-21
32.15392235406801	-3.15775904474554e-22
0
200	0.510998902	100000000000000.1
5	0	0	1
5	0	0	0
-0.5891188896601621	-1741.605389424129
-0.4245809939630353	-401.848993027372
-0.2600430982659084	-192.5066952601826
-0.09550520256878162	-109.9631930648496
0.0690326931283452	-68.06801058891881
0.233570588825472	-44.08882693087008
0.3981084845225988	-29.32178031720915
0.5626463802197257	-19.88564684018183
0.7271842759168525	-13.65286885591083
0.8917221716139794	-9.454982169282326
1.056260067311106	-6.588776053688519
1.220797963008233	-4.612346638856459
1.38533585870536	-3.239723963915425
1.549873754402487	-2.281403437679228
1.714411650099614	-1.609674065668105
1.87894954579674	-1.13742316280098
2.043487441493867	-0.8046407383499962
2.208025337190994	-0.5697228905884308
2.372563232888121	-0.4036544416483447
2.537101128585248	-0.2861301011286838
2.701639024282374	-0.2028864703153658
2.866176919979501	-0.1438857613216628
3.030714815676628	-0.1020454042874119
3.195252711373755	-0.07236473609272809
3.359790607070882	-0.0513039214448377
3.524328502768009	-0.03635827100712705
3.688866398465136	-0.02575241498111494
3.853404294162262	-0.01822718178785525
4.017942189859389	-0.01288927262003885
4.182480085556516	-0.009104496094430882
4.347017981253642	-0.006422520451246958
4.511555876950768	-0.00452345721914595
4.676093772647895	-0.003180054962442785
4.840631668345021	-0.002230852820113424
5.005169564042148	-0.00156114207943074
5.169707459739274	-0.001089437282728921
5.3342453554364	-0.0007578681823938111
5.498783251133527	-0.0005253568383653019
5.663321146830653	-0.000362756255555201
5.82785904252778	-0.0002494067508546995
5.992396938224906	-0.0001706743782979067
6.156934833922032	-0.0001162085091496342
6.321472729619159	-7.869970657458817e-05
6.486010625316285	-5.29966411191154e-05
6.650548521013412	-3.547822724534438e-05
6.815086416710538	-2.360697008706227e-05
6.979624312407664	-1.561132946717559e-05
7.144162208104791	-1.026008574674282e-05
7.308700103801917	-6.701882058831125e-06
7.473237999499044	-4.351427127647823e-06
7.63777589519617	-2.808936786629474e-06
7.802313790893296	-1.803176283005199e-06
7.966851686590423	-1.151466606017475e-06
8.13138958228755	-7.316941483131746e-07
8.295927477984677	-4.628353576870911e-07
8.460465373681803	-2.915500792349074e-07
8.625003269378929	-1.82958432891879e-07
8.789541165076056	-1.144212458313946e-07
8.954079060773182	-7.133975149582418e-08
9.118616956470309	-4.435834866955379e-08
9.283154852167435	-2.751541070545575e-08
9.447692747864561	-1.703184813229732e-08
9.612230643561688	-1.052324084790749e-08
9.776768539258814	-6.491515072962164e-09
9.941306434955941	-3.998962667477495e-09
10.10584433065307	-2.460594488614063e-09
10.27038222635019	-1.512521515991527e-09
10.43492012204732	-9.289704916623061e-10
10.59945801774445	-5.70168991235515e-10
10.76399591344157	-3.497548192278266e-10
10.9285338091387	-2.144537525764417e-10
11.09307170483583	-1.314502289640831e-10
11.25760960053295	-8.055468172465199e-11
11.42214749623008	-4.935878928428439e-11
11.5866853919272	-3.024283311394724e-11
11.75122328762433	-1.853126331961261e-11
11.91576118332146	-1.135667187692513e-11
12.08029907901858	-6.96147816755306e-12
12.24483697471571	-4.268710398805251e-12
12.40937487041284	-2.618656507654128e-12
12.57391276610996	-1.607278166998113e-12
12.73845066180709	-9.871566139560635e-13
12.90298855750422	-6.067546534328936e-13
13.06752645320134	-3.732735735219297e-13
13.23206434889847	-2.298699730437452e-13
13.3966022445956	-1.41721561214646e-13
13.56114014029272	-8.748713023639778e-14
13.72567803598985	-5.408373668523807e-14
13.89021593168697	-3.34856340734097e-14
14.0547538273841	-2.076716781068189e-14
14.21929172308123	-1.29024784643594e-14
14.38382961877835	-8.031502505058537e-15
14.54836751447548	-5.009443094141399e-15
14.71290541017261	-3.131059351926398e-15
14.87744330586973	-1.961241636556141e-15
15.04198120156686	-1.231220416083488e-15
15.20651909726399	-7.74675081211835e-16
15.37105699296111	-4.885343640758387e-16
15.53559488865824	-3.087886669691964e-16
15.70013278435536	-1.956219791883072e-16
15.86467068005249	-1.24207474291571e-16
16.02920857574962	-7.903907093031574e-17
16.19374647144674	-5.040475695842153e-17
16.35828436714387	-3.221115367493382e-17
16.522822262841	-2.062660043977812e-17
16.68736015853812	-1.32339677050888e-17
16.85189805423525	-8.506715866019188e-18
17.01643594993238	-5.477746403214775e-18
17.1809738456295	-3.533225396083755e-18
17.34551174132663	-2.282589891518313e-18
17.51004963702376	-1.476830154311754e-18
17.67458753272088	-9.568349284460402e-19
17.83912542841801	-6.207345358797597e-19
18.00366332411513	-4.031771462741206e-19
18.16820121981226	-2.621600007917125e-19
18.33273911550939	-1.706388328229039e-19
18.49727701120651	-1.111709088682441e-19
18.66181490690364	-7.248844599957979e-20
18.82635280260077	-4.730135275121233e-20
18.99089069829789	-3.088661170663791e-20
19.15542859399502	-2.01801175347723e-20
19.31996648969215	-1.319170519429111e-20
19.48450438538927	-8.627177933470156e-21
19.6490422810864	-5.644123323711349e-21
19.81358017678352	-3.693624830568775e-21
19.97811807248065	-2.417737309426259e-21
20.14265596817778	-1.582835903722538e-21
20.3071938638749	-1.036350608541094e-21
20.47173175957203	-6.785684885657664e-22
20.63626965526916	-4.442961288254313e-22
20.80080755096628	-2.908822006665332e-22
20.96534544666341	-1.904169028067783e-22
21.12988334236054	-1.246273847352515e-22
21.29442123805766	-8.154956520117247e-23
21.45895913375479	-5.334678946547778e-23
21.62349702945192	-3.488647445248844e-23
21.78803492514904	-2.280601052035562e-23
21.95257282084617	-1.490296237189408e-23
22.11711071654329	-9.734464222234477e-24
22.28164861224042	-6.355652870932248e-24
22.44618650793755	-4.147695727022015e-24
22.61072440363467	-2.705519700070761e-24
22.7752622993318	-1.763954414202384e-24
22.93980019502893	-1.149535269673263e-24
23.10433809072605	-7.487862531938893e-25
23.26887598642318	-4.875363089527615e-25
23.43341388212031	-3.173063226972443e-25
23.59795177781743	-2.064397185196333e-25
23.76248967351456	-1.342659340792146e-25
23.92702756921168	-8.730163989525687e-26
24.09156546490881	-5.675220458688585e-26
24.25610336060594	-3.688727553633184e-26
24.42064125630306	-2.397319570478433e-26
24.58517915200019	-1.557969811625453e-26
24.74971704769732	-1.012506336637519e-26
24.91425494339444	-6.580671551290003e-27
25.07879283909157	-4.277558520639886e-27
25.2433307347887	-2.780990422487181e-27
25.40786863048582	-1.808407016042553e-27
25.57240652618295	-1.176254796664412e-27
25.73694442188008	-7.652892896518866e-28
25.9014823175772	-4.980600342628586e-28
26.06602021327433	-3.242463780077684e-28
26.23055810897145	-2.111599492033876e-28
26.39509600466858	-1.375599674924964e-28
26.55963390036571	-8.964328819358697e-29
26.72417179606283	-5.843676301122784e-29
26.88870969175996	-3.810618783159391e-29
27.05324758745709	-2.485652412197656e-29
27.21778548315421	-1.621871252114427e-29
27.38232337885134	-1.058560455067319e-29
27.54686127454847	-6.910845230230529e-30
27.71139917024559	-4.512874909904149e-30
27.87593706594272	-2.947637437329582e-30
28.04047496163984	-1.925673129583459e-30
28.20501285733697	-1.258255671869166e-30
28.3695507530341	-8.222820067904492e-31
28.53408864873122	-5.374413390249194e-31
28.69862654442835	-3.513062158027538e-31
28.86316444012548	-2.296508255025929e-31
29.0277023358226	-1.501282993267069e-31
29.19224023151973	-9.814326439540618e-32
29.35677812721686	-6.415725075714695e-32
29.52131602291398	-4.19375922887972e-32
29.68585391861111	-2.741045038090948e-32
29.85039181430824	-1.791310618856016e-32
30.01492971000536	-1.170436809779147e-32
30.17946760570249	-7.645883670251814e-33
30.34400550139961	-4.993308641572045e-33
30.50854339709674	-3.259971670951589e-33
30.67308129279387	-2.127552160843197e-33
30.83761918849099	-1.387929544786114e-33
31.00215708418812	-9.05001876671399e-34
31.16669497988525	-5.897991343500515e-34
31.33123287558237	-3.841516719190356e-34
31.4957707712795	-2.500487174498774e-34
31.66030866697663	-1.626441666583913e-34
31.82484656267375	-1.057091501941449e-34
31.98938445837088	-6.864612494278842e-35
32.15392235406801	-4.453716713526033e-35
