0
200	105.658389	100000000000000.1
5	0	0	1
5	0	0	0
4.729151094994482	-0.1972905535244936
4.86703099578106	-0.1180255845737529
5.004910896567638	-0.08697871914613969
5.142790797354215	-0.06793256940135811
5.280670698140793	-0.05450405574107379
5.418550598927371	-0.04466853513562361
5.556430499713948	-0.03702226386163215
5.694310400500526	-0.03093184494500635
5.832190301287103	-0.0259923850477738
5.970070202073681	-0.02194055339746151
6.107950102860259	-0.01858253339096788
6.245830003646836	-0.01578076522749066
6.383709904433414	-0.01343386224291198
6.521589805219992	-0.01145742929103016
6.659469706006569	-0.009786612442715219
6.797349606793147	-0.008369467344021372
6.935229507579725	-0.007164260728967043
7.073109408366302	-0.006137078900481192
7.21098930915288	-0.005260034287102173
7.348869209939457	-0.004510088289812293
7.486749110726035	-0.003868047749798144
7.624629011512613	-0.003317702900690379
7.76250891229919	-0.002845662188781645
7.900388813085768	-0.002440445368246341
8.038268713872345	-0.002092402092779138
8.176148614658922	-0.001793311183011205
8.3140285154455	-0.001536214567308034
8.451908416232078	-0.001315152499944337
8.589788317018655	-0.001125050266932365
8.727668217805233	-0.0009615658800613439
8.865548118591811	-0.0008209825402558945
9.003428019378388	-0.0007001150721789535
9.141307920164966	-0.0005962325611764136
9.279187820951543	-0.0005069877132584882
9.417067721738121	-0.0004303662159970635
9.554947622524699	-0.0003646316816819165
9.692827523311276	-0.0003082928069419216
9.830707424097854	-0.0002600606909783494
9.968587324884432	-0.0002188269034874114
10.10646722567101	-0.0001836312332672731
10.24434712645759	-0.0001536465007695222
10.38222702724416	-0.000128154497023304
10.52010692803074	-0.0001065352579707827
10.65798682881732	-8.824934146754978e-05
10.7958667296039	-7.283002285538141e-05
10.93374663039048	-5.987059993327256e-05
11.07162653117705	-4.901845604523343e-05
11.20950643196363	-3.996620381618231e-05
11.34738633275021	-3.244713025541799e-05
11.48526623353679	-2.622902872024018e-05
11.62314613432336	-2.111076809347598e-05
11.76102603510994	-1.691791412962584e-05
11.89890593589652	-1.350009181235242e-05
12.0367858366831	-1.072784147343815e-05
12.17466573746967	-8.490463384546361e-06
12.31254563825625	-6.693629927716226e-06
12.45042553904283	-5.257574443327049e-06
12.58830543982941	-4.115216009362381e-06
12.72618534061598	-3.210569048172196e-06
12.86406524140256	-2.497205037113781e-06
13.00194514218914	-1.936931626896026e-06
13.13982504297572	-1.498525501551334e-06
13.27770494376229	-1.156663042917192e-06
13.41558484454887	-8.909196072245158e-07
13.55346474533545	-6.849420605300607e-07
13.69134464612203	-5.257012159339589e-07
13.82922454690861	-4.028800764135693e-07
13.96710444769518	-3.083463135257239e-07
14.10498434848176	-2.357201396446011e-07
14.24286424926834	-1.800159820637061e-07
14.38074415005492	-1.373529222794359e-07
14.51862405084149	-1.047193289210728e-07
14.65650395162807	-7.978522841856288e-08
14.79438385241465	-6.075245787004277e-08
14.93226375320123	-4.623662659053002e-08
15.0701436539878	-3.517376010615843e-08
15.20802355477438	-2.67478899669011e-08
15.34590345556096	-2.033389658234694e-08
15.48378335634754	-1.545372676002013e-08
15.62166325713411	-1.174205169517543e-08
15.75954315792069	-8.920086046979338e-09
15.89742305870727	-6.77517579550035e-09
16.03530295949385	-5.145301195038866e-09
16.17318286028042	-3.907045853643226e-09
16.311062761067	-2.96648933590544e-09
16.44894266185358	-2.252164616483877e-09
16.58682256264015	-1.709728890112853e-09
16.72470246342673	-1.297862487445918e-09
16.8625823642133	-9.85167017568502e-10
17.00046226499988	-7.477779530970945e-10
17.13834216578645	-5.675742489541254e-10
17.27622206657303	-4.307842062055349e-10
17.41410196735961	-3.269559123670913e-10
17.55198186814618	-2.48147437038532e-10
17.68986176893276	-1.883328467700572e-10
17.82774166971933	-1.429343318374537e-10
17.96562157050591	-1.084788010460504e-10
18.10350147129249	-8.232841723596958e-11
18.24138137207906	-6.248179812876536e-11
18.37926127286564	-4.741932962407512e-11
18.51714117365221	-3.598795898430775e-11
18.65502107443879	-2.731228861148857e-11
18.79290097522536	-2.072810529661525e-11
18.93078087601194	-1.573114865334688e-11
19.06866077679852	-1.193884895012951e-11
19.20654067758509	-9.06075328940141e-12
19.34442057837167	-6.876496179042546e-12
19.48230047915824	-5.218795205283866e-12
19.62018037994482	-3.960723696622132e-12
19.7580602807314	-3.005930177174549e-12
19.89594018151797	-2.281311214007447e-12
20.03382008230455	-1.731371257136622e-12
20.17169998309112	-1.314005301171858e-12
20.3095798838777	-9.972500297043618e-13
20.44745978466428	-7.568540585667889e-13
20.58533968545085	-5.744076039268295e-13
20.72321958623743	-4.359425633615654e-13
20.861099487024	-3.308554189707357e-13
20.99897938781058	-2.511008536892098e-13
21.13685928859715	-1.905721751625098e-13
21.27473918938373	-1.446337201539947e-13
21.41261909017031	-1.097691810694822e-13
21.55049899095688	-8.330882149985045e-14
21.68837889174346	-6.322695618549811e-14
21.82625879253003	-4.798585021668286e-14
21.96413869331661	-3.641872678504225e-14
22.10201859410319	-2.7639863223034e-14
22.23989849488976	-2.097720253802128e-14
22.37777839567634	-1.592057579310854e-14
22.51565829646291	-1.208288068547876e-14
22.65353819724949	-9.170260197026117e-15
22.79141809803606	-6.959743848589509e-15
22.92929799882264	-5.282072485913238e-15
23.06717789960922	-4.008811341753986e-15
23.20505780039579	-3.042471351864297e-15
23.34293770118237	-2.309073048826886e-15
23.48081760196894	-1.752459960094628e-15
23.61869750275552	-1.330022126980481e-15
23.7565774035421	-1.009413544305908e-15
23.89445730432867	-7.660893527550048e-16
24.03233720511525	-5.814190073366738e-16
24.17021710590182	-4.412647216612488e-16
24.3080970066884	-3.348950081114755e-16
24.44597690747498	-2.541665956679926e-16
24.58385680826155	-1.928978222829866e-16
24.72173670904813	-1.463986719643459e-16
24.8596166098347	-1.111080063427047e-16
24.99749651062128	-8.432472870697414e-17
25.13537641140785	-6.399757221645036e-17
25.27325631219443	-4.857050142592795e-17
25.41113621298101	-3.686219316608923e-17
25.54901611376758	-2.797631125624165e-17
25.68689601455416	-2.123241825344095e-17
25.82477591534073	-1.611419817122121e-17
25.96265581612731	-1.222976847967214e-17
26.10053571691389	-9.281713393715785e-18
26.23841561770046	-7.044309283870659e-18
26.37629551848704	-5.346248462840108e-18
26.51417541927361	-4.057517391660453e-18
26.65205532006019	-3.079443631919384e-18
26.78993522084676	-2.337140155526095e-18
26.92781512163334	-1.773773477755209e-18
27.06569502241992	-1.346208686366942e-18
27.20357492320649	-1.021709603262563e-18
27.34145482399307	-7.75430840691634e-19
27.47933472477964	-5.885178054350451e-19
27.61721462556622	-4.466593319913009e-19
27.7550945263528	-3.389949300155223e-19
27.89297442713937	-2.572821729518348e-19
28.03085432792595	-1.952651287898294e-19
28.16873422871252	-1.481962036022824e-19
28.3066141294991	-1.124721456902482e-19
28.44449403028568	-8.535836178181268e-20
28.58237393107225	-6.477941129589849e-20
28.72025383185883	-4.916007151706864e-20
28.8581337326454	-3.730498380699672e-20
28.99601363343198	-2.830687075169032e-20
29.13389353421855	-2.1477134170156e-20
29.27177343500513	-1.62931190653328e-20
29.40965333579171	-1.235817882293735e-20
29.54753323657828	-9.371292811822331e-21
29.68541313736486	-7.103990920013672e-21
29.82329303815143	-5.382870569608638e-21
29.96117293893801	-4.076319245394504e-21
30.09905283972459	-3.084451271840752e-21
30.23693274051116	-2.331446513754958e-21
30.37481264129774	-1.759757796233242e-21
30.51269254208431	-1.325709191549686e-21
30.65057244287089	-9.96150966211698e-22
30.78845234365746	-7.459182542613685e-22
30.92633224444404	-5.559088066448729e-22
31.06421214523062	-4.116222076646867e-22
31.20209204601719	-3.020509503739762e-22
31.33997194680377	-2.188387529234818e-22
31.47785184759034	-1.556415939782957e-22
31.61573174837692	-1.076432607750288e-22
31.7536116491635	-7.118697783432447e-23
31.89149154995007	-4.3496353422561e-23
32.02937145073665	-2.246297531172257e-23
32.16725135152323	-6.485391064300793e-24
0
200	105.658389	100000000000000.1
5	0	0	1
5	0	0	0
4.729151094994482	-0.01095373613349944
4.86703099578106	-0.002368776108639136
5.004910896567638	-0.001138468835308613
5.142790797354215	-0.0006614808048031812
5.280670698140793	-0.0004186578109217712
5.418550598927371	-0.0002782209234510713
5.556430499713948	-0.000190742484524331
5.694310400500526	-0.0001335686780707769
5.832190301287103	-9.494282244978768e-05
5.970070202073681	-6.820893581297669e-05
6.107950102860259	-4.940058841422673e-05
6.245830003646836	-3.598714560994299e-05
6.383709904433414	-2.633728477906593e-05
6.521589805219992	-1.936261631508925e-05
6.659469706006569	-1.428554412972366e-05
6.797349606793147	-1.05709204339664e-05
6.935229507579725	-7.841089958245546e-06
7.073109408366302	-5.82770543440654e-06
7.21098930915288	-4.338388553017911e-06
7.348869209939457	-3.234083686047566e-06
7.486749110726035	-2.413611505295887e-06
7.624629011512613	-1.803004587220553e-06
7.76250891229919	-1.347936733115563e-06
7.900388813085768	-1.00838569770684e-06
8.038268713872345	-7.547620474815257e-07
8.176148614658922	-5.651590240620438e-07
8.3140285154455	-4.233040581963243e-07
8.451908416232078	-3.171208748940656e-07
8.589788317018655	-2.375923646812033e-07
8.727668217805233	-1.780051530133451e-07
8.865548118591811	-1.333444856608339e-07
9.003428019378388	-9.986346393151411e-08
9.141307920164966	-7.475999652020147e-08
9.279187820951543	-5.593725408980981e-08
9.417067721738121	-4.182468197053441e-08
9.554947622524699	-3.124565192900783e-08
9.692827523311276	-2.331782921236546e-08
9.830707424097854	-1.737958332525762e-08
9.968587324884432	-1.293431358362248e-08
10.10646722567101	-9.609387032217099e-09
10.24434712645759	-7.124923529260716e-09
10.38222702724416	-5.270818567069866e-09
10.52010692803074	-3.889195708894794e-09
10.65798682881732	-2.861519274764621e-09
10.7958667296039	-2.098708809796876e-09
10.93374663039048	-1.533896863180583e-09
11.07162653117705	-1.116851390291781e-09
11.20950643196363	-8.098980905794814e-10
11.34738633275021	-5.84769520378605e-10
11.48526623353679	-4.203043418702883e-10
11.62314613432336	-3.006647797130058e-10
11.76102603510994	-2.140348486554689e-10
11.89890593589652	-1.516097398021294e-10
12.0367858366831	-1.068565383376581e-10
12.17466573746967	-7.493972364282275e-11
12.31254563825625	-5.229964722047129e-11
12.45042553904283	-3.632561605868998e-11
12.58830543982941	-2.511513474888119e-11
12.72618534061598	-1.728842141518156e-11
12.86406524140256	-1.185181856833433e-11
13.00194514218914	-8.093475371492092e-12
13.13982504297572	-5.507230366797638e-12
13.27770494376229	-3.735065370881661e-12
13.41558484454887	-2.525573966170264e-12
13.55346474533545	-1.703077240219901e-12
13.69134464612203	-1.145628907916781e-12
13.82922454690861	-7.689420621871855e-13
13.96710444769518	-5.151022714784822e-13
14.10498434848176	-3.444557239250121e-13
14.24286424926834	-2.299895719512894e-13
14.38074415005492	-1.533527744455069e-13
14.51862405084149	-1.021322742727784e-13
14.65650395162807	-6.794866555939809e-14
14.79438385241465	-4.516584983993992e-14
14.93226375320123	-2.999824731174355e-14
15.0701436539878	-1.991087344672369e-14
15.20802355477438	-1.320769707459363e-14
15.34590345556096	-8.756855434683399e-15
15.48378335634754	-5.803336809762322e-15
15.62166325713411	-3.844584978276507e-15
15.75954315792069	-2.546126501179807e-15
15.89742305870727	-1.685762109409046e-15
16.03530295949385	-1.115858875122056e-15
16.17318286028042	-7.384834554291129e-16
16.311062761067	-4.886491450310587e-16
16.44894266185358	-3.232930069561297e-16
16.58682256264015	-2.138657287761861e-16
16.72470246342673	-1.414642620215817e-16
16.8625823642133	-9.356496693073422e-17
17.00046226499988	-6.188045375279345e-17
17.13834216578645	-4.092284254112245e-17
17.27622206657303	-2.706208204664383e-17
17.41410196735961	-1.78952051413939e-17
17.55198186814618	-1.183319487369876e-17
17.68986176893276	-7.824437062049705e-18
17.82774166971933	-5.173671197785144e-18
17.96562157050591	-3.420852098739533e-18
18.10350147129249	-2.261870573943813e-18
18.24138137207906	-1.495525183770544e-18
18.37926127286564	-9.888262498428784e-19
18.51714117365221	-6.537935924468017e-19
18.65502107443879	-4.322780206433686e-19
18.79290097522536	-2.858125666257619e-19
18.93078087601194	-1.889741134600949e-19
19.06866077679852	-1.249452612155106e-19
19.20654067758509	-8.26115418469474e-20
19.34442057837167	-5.462087267489796e-20
19.48230047915824	-3.611439786858837e-20
19.62018037994482	-2.387807784443554e-20
19.7580602807314	-1.578782783168168e-20
19.89594018151797	-1.043861238506497e-20
20.03382008230455	-6.901877836354246e-21
20.17169998309112	-4.563406616254714e-21
20.3095798838777	-3.017276938974986e-21
20.44745978466428	-1.994980037071878e-21
20.58533968545085	-1.319064372655631e-21
20.72321958623743	-8.721490963333358e-22
20.861099487024	-5.76659510305233e-22
20.99897938781058	-3.812812128252811e-22
21.13685928859715	-2.521013915060357e-22
21.27473918938373	-1.666871839678539e-22
21.41261909017031	-1.102130370281595e-22
21.55049899095688	-7.287201280322095e-23
21.68837889174346	-4.81828251886401e-23
21.82625879253003	-3.185816084010184e-23
21.96413869331661	-2.106457741878064e-23
22.10201859410319	-1.392777232285945e-23
22.23989849488976	-9.209034386874163e-24
22.37777839567634	-6.088962620762578e-24
22.51565829646291	-4.026020432446467e-24
22.65353819724949	-2.661983427315085e-24
22.79141809803606	-1.760103089642091e-24
22.92929799882264	-1.163770929836729e-24
23.06717789960922	-7.69485125911379e-25
23.20505780039579	-5.087794238114158e-25
23.34293770118237	-3.364047520186001e-25
23.48081760196894	-2.224289137388259e-25
23.61869750275552	-1.470698293479467e-25
23.7565774035421	-9.724167500198772e-26
23.89445730432867	-6.429607594317399e-26
24.03233720511525	-4.251214027640175e-26
24.17021710590182	-2.810895069193201e-26
24.3080970066884	-1.858543505913705e-26
24.44597690747498	-1.228864425056701e-26
24.58385680826155	-8.125154588037416e-27
24.72173670904813	-5.372326993521079e-27
24.8596166098347	-3.552136768947792e-27
24.99749651062128	-2.348659611893415e-27
25.13537641140785	-1.552912324940671e-27
25.27325631219443	-1.026779014867077e-27
25.41113621298101	-6.788964324997709e-28
25.54901611376758	-4.488831625408126e-28
25.68689601455416	-2.96797109541823e-28
25.82477591534073	-1.962408167493133e-28
25.96265581612731	-1.297524805579943e-28
26.10053571691389	-8.579172813843872e-29
26.23841561770046	-5.672466292147453e-29
26.37629551848704	-3.750610631571166e-29
26.51417541927361	-2.479870167420669e-29
26.65205532006019	-1.639681999837944e-29
26.78993522084676	-1.084145112050743e-29
26.92781512163334	-7.168348946242492e-30
27.06569502241992	-4.739671112454629e-30
27.20357492320649	-3.133873772240087e-30
27.34145482399307	-2.072108385735838e-30
27.47933472477964	-1.37008671000541e-30
27.61721462556622	-9.059031247085038e-31
27.7550945263528	-5.989913512254758e-31
27.89297442713937	-3.960572826582323e-31
28.03085432792595	-2.618793072473958e-31
28.16873422871252	-1.731584712117424e-31
28.3066141294991	-1.144966732904317e-31
28.44449403028568	-7.570807709639691e-32
28.58237393107225	-5.006099263151373e-32
28.72025383185883	-3.310231737866731e-32
28.8581337326454	-2.188890880588712e-32
28.99601363343198	-1.447407143784856e-32
29.13389353421855	-9.571270082103052e-33
29.27177343500513	-6.329289196751271e-33
29.40965333579171	-4.185546772283994e-33
29.54753323657828	-2.767932836326674e-33
29.68541313736486	-1.83051508954591e-33
29.82329303815143	-1.210597681342113e-33
29.96117293893801	-8.00649726029132e-34
30.09905283972459	-5.295364520231298e-34
30.23693274051116	-3.502434566372735e-34
30.37481264129774	-2.316643258412338e-34
30.51269254208431	-1.532381853662556e-34
30.65057244287089	-1.013648636280043e-34
30.78845234365746	-6.705488499968597e-35
30.92633224444404	-4.435981447798491e-35
31.06421214523062	-2.934756491879231e-35
31.20209204601719	-1.941649211658437e-35
31.33997194680377	-1.284674141018416e-35
31.47785184759034	-8.500245424099867e-36
31.61573174837692	-5.624576897471648e-36
31.7536116491635	-3.721886906526675e-36
31.89149154995007	-2.462921218213693e-36
32.02937145073665	-1.629886146310378e-36
32.16725135152323	-1.078695809743844e-36
