0
200	1777.03	100000000000000.1
5	0	0	1
5	0	0	0
7.544582441876986	-0.1524764066576089
7.668349904834578	-0.09607274704241513
7.79211736779217	-0.07278980817739153
7.915884830749762	-0.05805256933021962
8.039652293707356	-0.04791774614503778
8.163419756664949	-0.04019074112078989
8.287187219622542	-0.03406480278548876
8.410954682580135	-0.02908485051432506
8.534722145537728	-0.02496083381675974
8.658489608495321	-0.02150434908999373
8.782257071452914	-0.01858130002956966
8.906024534410507	-0.01609236618070522
9.0297919973681	-0.01396197542394366
9.153559460325694	-0.01213106442174558
9.277326923283287	-0.01055248069971709
9.40109438624088	-0.009188058845999016
9.524861849198473	-0.008006300304115012
9.648629312156066	-0.006981120780952634
9.772396775113659	-0.006090562716722181
9.896164238071252	-0.005316056391756042
10.01993170102885	-0.004641908556556011
10.14369916398644	-0.004054601631753598
10.26746662694403	-0.003542643506483045
10.39123408990162	-0.003096121136722873
10.51500155285922	-0.002706442735065266
10.63876901581681	-0.002366292020652716
10.7625364787744	-0.002069203013625098
10.886303941732	-0.001809699506695183
11.01007140468959	-0.001582898670336787
11.13383886764718	-0.001384662728239079
11.25760633060478	-0.001211359932329266
11.38137379356237	-0.001059792406279133
11.50514125651996	-0.0009272661852416132
11.62890871947756	-0.000811319250527141
11.75267618243515	-0.0007099051182736274
11.87644364539274	-0.0006211366450641283
12.00021110835034	-0.0005434896185507384
12.12397857130793	-0.0004755208192308999
12.24774603426552	-0.0004160283681925326
12.37151349722311	-0.0003639164537233517
12.49528096018071	-0.0003182620092244428
12.6190484231383	-0.0002782539775169537
12.74281588609589	-0.0002431877776964064
12.86658334905349	-0.0002124494816319289
12.99035081201108	-0.000185503533607197
13.11411827496867	-0.0001618823284684694
13.23788573792627	-0.0001411771108811813
13.36165320088386	-0.0001230303939461657
13.48542066384145	-0.0001071291949276737
13.60918812679905	-9.31993870661177e-05
13.73295558975664	-8.100068123551776e-05
13.85672305271423	-7.032235776113491e-05
13.98049051567182	-6.097953075894018e-05
14.10425797862942	-5.280988853754305e-05
14.22802544158701	-4.567090459469868e-05
14.3517929045446	-3.943733623503994e-05
14.4755603675022	-3.399911198785157e-05
14.59932783045979	-2.925945817149159e-05
14.72309529341738	-2.513324296792974e-05
14.84686275637498	-2.154556528391087e-05
14.97063021933257	-1.843048733434793e-05
15.09439768229016	-1.572994054361454e-05
15.21816514524776	-1.339277464870809e-05
15.34193260820535	-1.137389991007665e-05
15.46570007116294	-9.633567413701691e-06
15.58946753412054	-8.136718479357689e-06
15.71323499707813	-6.852421272357397e-06
15.83700246003572	-5.753387999968307e-06
15.96076992299331	-4.815538877083107e-06
16.08453738595091	-4.017633422460467e-06
16.2083048489085	-3.340941104589935e-06
16.33207231186609	-2.768962861448156e-06
16.45583977482368	-2.28717640649473e-06
16.57960723778127	-1.882824758771104e-06
16.70337470073886	-1.544721646726955e-06
16.82714216369645	-1.263083530805352e-06
16.95090962665405	-1.02938161128e-06
17.07467708961164	-8.362047089906984e-07
17.19844455256923	-6.771402967578891e-07
17.32221201552682	-5.466629335620335e-07
17.44597947848441	-4.400353396499179e-07
17.569746941442	-3.532152484971032e-07
17.69351440439959	-2.827724677030317e-07
17.81728186735718	-2.258109289295915e-07
17.94104933031478	-1.798994471257401e-07
18.06481679327237	-1.430075984162179e-07
18.18858425622996	-1.13448913006041e-07
18.31235171918755	-8.982964987225841e-08
18.43611918214514	-7.100391346577555e-08
18.55988664510273	-5.603370586266043e-08
18.68365410806032	-4.415517791647776e-08
18.80742157101792	-3.474830677358335e-08
18.93118903397551	-2.731240721707129e-08
19.0549564969331	-2.144410414564724e-08
19.17872395989069	-1.681995614764382e-08
19.30249142284828	-1.318108342199772e-08
19.42625888580587	-1.032111810066617e-08
19.55002634876346	-8.075801572244142e-09
19.67379381172105	-6.314816095906429e-09
19.79756127467865	-4.934920585918437e-09
19.92132873763624	-3.854525896701601e-09
20.04509620059383	-3.009234041918867e-09
20.16886366355142	-2.348319131091041e-09
20.29263112650901	-1.831860620433586e-09
20.4163985894666	-1.428499116374253e-09
20.54016605242419	-1.113612192147596e-09
20.66393351538179	-8.678978824052801e-10
20.78770097833938	-6.762314947849566e-10
20.91146844129697	-5.267755420818928e-10
21.03523590425456	-4.102683081493621e-10
21.15900336721215	-3.194711854976553e-10
21.28277083016974	-2.487272558166219e-10
21.40653829312733	-1.936200888675437e-10
21.53030575608492	-1.507015914234562e-10
21.65407321904252	-1.172820389243841e-10
21.77784068200011	-9.126309135563539e-11
21.9016081449577	-7.100902609312685e-11
22.02537560791529	-5.524454411161894e-11
22.14914307087288	-4.297604901347904e-11
22.27291053383047	-3.342934741010185e-11
22.39667799678806	-2.600124313206137e-11
22.52044545974566	-2.022221093481667e-11
22.64421292270325	-1.57265170014769e-11
22.76798038566084	-1.222948310563297e-11
22.89174784861843	-9.509461987351054e-12
23.01551531157602	-7.393974525396038e-12
23.13928277453361	-5.748763043890743e-12
23.2630502374912	-4.469375663225947e-12
23.38681770044879	-3.47452435502476e-12
23.51058516340639	-2.700979031584681e-12
23.63435262636398	-2.099540376270569e-12
23.75812008932157	-1.631945014197356e-12
23.88188755227916	-1.268425136158889e-12
24.00565501523675	-9.858319984615721e-13
24.12942247819434	-7.661602696901641e-13
24.25318994115193	-5.954092842753563e-13
24.37695740410953	-4.626901557208521e-13
24.50072486706712	-3.595376845803314e-13
24.62449233002471	-2.793685812620959e-13
24.7482597929823	-2.170651068626928e-13
24.87202725593989	-1.686480941631945e-13
24.99579471889748	-1.31024415161754e-13
25.11956218185507	-1.017892300701032e-13
25.24332964481266	-7.907345021692281e-14
25.36709710777026	-6.14239556241864e-14
25.49086457072785	-4.771163629734065e-14
25.61463203368544	-3.705853134411898e-14
25.73839949664303	-2.878269903076508e-14
25.86216695960062	-2.235384370009534e-14
25.98593442255821	-1.736005820726903e-14
26.1097018855158	-1.348116538631855e-14
26.2334693484734	-1.046842934074389e-14
26.35723681143099	-8.128538744512069e-15
26.48100427438858	-6.311322023859148e-15
26.60477173734617	-4.900099010901104e-15
26.72853920030376	-3.804220842491987e-15
26.85230666326135	-2.953265308567847e-15
26.97607412621894	-2.292528314234308e-15
27.09984158917653	-1.779516844058519e-15
27.22360905213413	-1.381224256709141e-15
27.34737651509172	-1.072013965697309e-15
27.47114397804931	-8.319752615029389e-16
27.5949114410069	-6.456444306551484e-16
27.71867890396449	-5.010126403803856e-16
27.84244636692208	-3.887542466753819e-16
27.96621382987967	-3.016283057833098e-16
28.08998129283727	-2.340118676360962e-16
28.21374875579486	-1.815394329146293e-16
28.33751621875245	-1.408217620306303e-16
28.46128368171004	-1.092274156089181e-16
28.58505114466763	-8.471369594518272e-17
28.70881860762522	-6.569492365179386e-17
28.83258607058281	-5.094032052482604e-17
28.9563535335404	-3.949455280002015e-17
29.080120996498	-3.061612716274099e-17
29.20388845945559	-2.372964528305385e-17
29.32765592241318	-1.838854766529315e-17
29.45142338537077	-1.424631826638517e-17
29.57519084832836	-1.103407248760347e-17
29.69895831128595	-8.54318651670108e-18
29.82272577424354	-6.611802212491812e-18
29.94649323720114	-5.114349979482321e-18
30.07026070015873	-3.953419587403673e-18
30.19402816311632	-3.053448046788853e-18
30.31779562607391	-2.355827951572799e-18
30.4415630890315	-1.815101493548653e-18
30.56533055198909	-1.396015092128603e-18
30.68909801494668	-1.071229686020498e-18
30.81286547790427	-8.195454441122501e-19
30.93663294086187	-6.245239465824729e-19
31.06040040381946	-4.734204523751327e-19
31.18416786677705	-3.563541217303888e-19
31.30793532973464	-2.656650982227726e-19
31.43170279269223	-1.954158048448577e-19
31.55547025564982	-1.410039277271694e-19
31.67923771860741	-9.886252933526801e-20
31.80300518156501	-6.622719281152169e-20
31.9267726445226	-4.095587261934152e-20
32.05054010748019	-2.138864463361109e-20
32.17430757043778	-6.239108099345113e-21
0
200	1777.03	100000000000000.1
5	0	0	1
5	0	0	0
7.544582441876986	-0.0004940996476168769
7.668349904834578	-0.0001188758360958229
7.79211736779217	-5.909560052548798e-05
7.915884830749762	-3.530146736891844e-05
8.039652293707356	-2.301893264672517e-05
8.163419756664949	-1.580007495947702e-05
8.287187219622542	-1.120885610899796e-05
8.410954682580135	-8.126854441645055e-06
8.534722145537728	-5.983251066612169e-06
8.658489608495321	-4.451806215866848e-06
8.782257071452914	-3.338517857291543e-06
8.906024534410507	-2.518711930295639e-06
9.0297919973681	-1.909006162754417e-06
9.153559460325694	-1.452104620663764e-06
9.277326923283287	-1.107695989479934e-06
9.40109438624088	-8.468894040076946e-07
9.524861849198473	-6.486703529584575e-07
9.648629312156066	-4.975839478323139e-07
9.772396775113659	-3.821529408418653e-07
9.896164238071252	-2.937971014920454e-07
10.01993170102885	-2.260604046061512e-07
10.14369916398644	-1.740653137667775e-07
10.26746662694403	-1.341108262269078e-07
10.39123408990162	-1.033815460310148e-07
10.51500155285922	-7.972940682087498e-08
10.63876901581681	-6.151286999398025e-08
10.7625364787744	-4.747485020855408e-08
10.886303941732	-3.665172211803002e-08
11.01007140468959	-2.830363041806062e-08
11.13383886764718	-2.186215649885608e-08
11.25760633060478	-1.689010264625785e-08
11.38137379356237	-1.305129519324149e-08
11.50514125651996	-1.00866263135926e-08
11.62890871947756	-7.796502849422537e-09
11.75267618243515	-6.027068416141685e-09
11.87644364539274	-4.659722210597716e-09
12.00021110835034	-3.602661682837344e-09
12.12397857130793	-2.786506080817269e-09
12.24774603426552	-2.15588600899083e-09
12.37151349722311	-1.668747052160454e-09
12.49528096018071	-1.291963212524043e-09
12.6190484231383	-1.000475752696262e-09
12.74281588609589	-7.74865404415352e-10
12.86658334905349	-6.001799416938181e-10
12.99035081201108	-4.648847588827591e-10
13.11411827496867	-3.600732460542279e-10
13.23788573792627	-2.788631062127072e-10
13.36165320088386	-2.15932629857909e-10
13.48542066384145	-1.671644182246521e-10
13.60918812679905	-1.293712811498772e-10
13.73295558975664	-1.000849512712854e-10
13.85672305271423	-7.739324111653907e-11
13.98049051567182	-5.981426233197078e-11
14.10425797862942	-4.619935548533669e-11
14.22802544158701	-3.565782273649177e-11
14.3517929045446	-2.749902272963522e-11
14.4755603675022	-2.118723750851561e-11
14.59932783045979	-1.630700133423895e-11
14.72309529341738	-1.253601510372128e-11
14.84686275637498	-9.624327634498067e-12
14.97063021933257	-7.378042628067029e-12
15.09439768229016	-5.64681309904735e-12
15.21816514524776	-4.314032541997661e-12
15.34193260820535	-3.289316300242859e-12
15.46570007116294	-2.502590725246195e-12
15.58946753412054	-1.899571283289467e-12
15.71323499707813	-1.438199846926661e-12
15.83700246003572	-1.085924038608457e-12
15.96076992299331	-8.17548865699751e-13
16.08453738595091	-6.135997727544381e-13
16.2083048489085	-4.590272803350491e-13
16.33207231186609	-3.422217837172588e-13
16.45583977482368	-2.542324864637473e-13
16.57960723778127	-1.88174270971174e-13
16.70337470073886	-1.387565785844898e-13
16.82714216369645	-1.019261338804432e-13
16.95090962665405	-7.458283270670726e-14
17.07467708961164	-5.436436263476272e-14
17.19844455256923	-3.947486396695122e-14
17.32221201552682	-2.855517542556023e-14
17.44597947848441	-2.057975691844668e-14
17.569746941442	-1.477872738196422e-14
17.69351440439959	-1.057617991122841e-14
17.81728186735718	-7.543686481959888e-15
17.94104933031478	-5.363757932417942e-15
18.06481679327237	-3.802460194494572e-15
18.18858425622996	-2.688099682866252e-15
18.31235171918755	-1.895375015195397e-15
18.43611918214514	-1.333185870031656e-15
18.55988664510273	-9.356541855576946e-16
18.68365410806032	-6.553036171027011e-16
18.80742157101792	-4.580899851605988e-16
18.93118903397551	-3.196737844948636e-16
19.0549564969331	-2.227319418549222e-16
19.17872395989069	-1.549658439502067e-16
19.30249142284828	-1.076788481629609e-16
19.42625888580587	-7.473356276592269e-17
19.55002634876346	-5.181387823399185e-17
19.67379381172105	-3.588913241271311e-17
19.79756127467865	-2.483776347378842e-17
19.92132873763624	-1.71762387831145e-17
20.04509620059383	-1.186993800969037e-17
20.16886366355142	-8.19785078837385e-18
20.29263112650901	-5.65868101860744e-18
20.4163985894666	-3.904041605137445e-18
20.54016605242419	-2.692307453731091e-18
20.66393351538179	-1.855928357630002e-18
20.78770097833938	-1.27892956828428e-18
20.91146844129697	-8.810328870825348e-19
21.03523590425456	-6.067594830437753e-19
21.15900336721215	-4.177609283956625e-19
21.28277083016974	-2.875687590719192e-19
21.40653829312733	-1.9790799541364e-19
21.53030575608492	-1.361777861002627e-19
21.65407321904252	-9.36857279622802e-20
21.77784068200011	-6.44431049101562e-20
21.9016081449577	-4.432171384302379e-20
22.02537560791529	-3.04792172437871e-20
22.14914307087288	-2.095743324343945e-20
22.27291053383047	-1.440881755815572e-20
22.39667799678806	-9.905429796513036e-21
22.52044545974566	-6.80896461438341e-21
22.64421292270325	-4.680039385420348e-21
22.76798038566084	-3.216517329705307e-21
22.89174784861843	-2.210484506204697e-21
23.01551531157602	-1.51901126515289e-21
23.13928277453361	-1.043766035042192e-21
23.2630502374912	-7.171670047907808e-22
23.38681770044879	-4.927296523762575e-22
23.51058516340639	-3.385121888916536e-22
23.63435262636398	-2.325482560222342e-22
23.75812008932157	-1.597462550039675e-22
23.88188755227916	-1.097293474997338e-22
24.00565501523675	-7.536938889374422e-23
24.12942247819434	-5.176577974133208e-23
24.25318994115193	-3.555260104981562e-23
24.37695740410953	-2.441609265379106e-23
24.50072486706712	-1.676727301813004e-23
24.62449233002471	-1.151397719981731e-23
24.7482597929823	-7.906239781512159e-24
24.87202725593989	-5.428643838997711e-24
24.99579471889748	-3.727302421616254e-24
25.11956218185507	-2.559026594146691e-24
25.24332964481266	-1.756858945516882e-24
25.36709710777026	-1.206079139072661e-24
25.49086457072785	-8.279353981529212e-25
25.61463203368544	-5.683209359707461e-25
25.73839949664303	-3.900968473791137e-25
25.86216695960062	-2.677488270885444e-25
25.98593442255821	-1.837655340963808e-25
26.1097018855158	-1.261178619767312e-25
26.2334693484734	-8.65505976166175e-26
26.35723681143099	-5.939353027295204e-26
26.48100427438858	-4.075572855002227e-26
26.60477173734617	-2.796489979023313e-26
26.72853920030376	-1.918749213482756e-26
26.85230666326135	-1.316430950747915e-26
26.97607412621894	-9.031449431846672e-27
27.09984158917653	-6.1957068794018e-27
27.22360905213413	-4.250142918857084e-27
27.34737651509172	-2.915345080304916e-27
27.47114397804931	-1.999654347957562e-27
27.5949114410069	-1.37149082512159e-27
27.71867890396449	-9.406086208479166e-28
27.84244636692208	-6.450561343661601e-28
27.96621382987967	-4.423476718603249e-28
28.08998129283727	-3.033206973163068e-28
28.21374875579486	-2.079777637060935e-28
28.33751621875245	-1.425944679091257e-28
28.46128368171004	-9.776084627351613e-29
28.58505114466763	-6.701901785547583e-29
28.70881860762522	-4.594164015941135e-29
28.83258607058281	-3.14908626350917e-29
28.9563535335404	-2.158429529789852e-29
29.080120996498	-1.479315044962189e-29
29.20388845945559	-1.013811918976839e-29
29.32765592241318	-6.947399011757532e-30
29.45142338537077	-4.760589510003638e-30
29.57519084832836	-3.261873035277536e-30
29.69895831128595	-2.23483862457385e-30
29.82272577424354	-1.531060062389815e-30
29.94649323720114	-1.048842754929709e-30
30.07026070015873	-7.184469591989778e-31
30.19402816311632	-4.92096639502523e-31
30.31779562607391	-3.370322696219032e-31
30.4415630890315	-2.308143947290694e-31
30.56533055198909	-1.58058783233588e-31
30.68909801494668	-1.082291476808391e-31
30.81286547790427	-7.410264071268475e-32
30.93663294086187	-5.073317261920648e-32
31.06040040381946	-3.473067210290854e-32
31.18416786677705	-2.37740135663569e-32
31.30793532973464	-1.627248341728732e-32
31.43170279269223	-1.113711188647862e-32
31.55547025564982	-7.621712658012248e-33
31.67923771860741	-5.215529627163554e-33
31.80300518156501	-3.568664822740624e-33
31.9267726445226	-2.441594009266417e-33
32.05054010748019	-1.670340737303574e-33
32.17430757043778	-1.14264733282037e-33
