0
200	0.510998902	100000000000000.1
5	0	0	1
5	0	0	0
-0.5891188896601621	-568.4335624290749
-0.4245809939630353	-350.0310327080745
-0.2600430982659084	-257.0988146612842
-0.09550520256878162	-198.5986510143611
0.0690326931283452	-158.8417825712382
0.233570588825472	-128.8927156171285
0.3981084845225988	-105.5840187674115
0.5626463802197257	-87.02556480140113
0.7271842759168525	-72.04293378728083
0.8917221716139794	-59.82517217109509
1.056260067311106	-49.79049243953036
1.220797963008233	-41.50647806522481
1.38533585870536	-34.64154673325744
1.549873754402487	-28.93643024663647
1.714411650099614	-24.18497137290524
1.87894954579674	-20.22108700314316
2.043487441493867	-16.91020108120816
2.208025337190994	-14.14187568558375
2.372563232888121	-11.82556245330448
2.537101128585248	-9.886217062919052
2.701639024282374	-8.26207690159916
2.866176919979501	-6.901337467447581
3.030714815676628	-5.761023703775634
3.195252711373755	-4.805488068247151
3.359790607070882	-4.00482893708979
3.524328502768009	-3.334053851549117
3.688866398465136	-2.77225382055163
3.853404294162262	-2.301924309028635
4.017942189859389	-1.908389761614586
4.182480085556516	-1.579343267100489
4.347017981253642	-1.304455156873912
4.511555876950768	-1.075051495685855
4.676093772647895	-0.8838442821245368
4.840631668345021	-0.7247068688569256
5.005169564042148	-0.5924862375599902
5.169707459739274	-0.4828456411374593
5.3342453554364	-0.3921344874990949
5.498783251133527	-0.3172773374079711
5.663321146830653	-0.2556828650884743
5.82785904252778	-0.2051662981517864
5.992396938224906	-0.1638855939030628
6.156934833922032	-0.1302869397012421
6.321472729619159	-0.1030605395962825
6.486010625316285	-0.0811024398625233
6.650548521013412	-0.06348355823687553
6.815086416710538	-0.0494229402523278
6.979624312407664	-0.03826594387640194
7.144162208104791	-0.02946533113474689
7.308700103801917	-0.02256572279996098
7.473237999499044	-0.01718984659105859
7.63777589519617	-0.01302717477493618
7.802313790893296	-0.009823636921090867
7.966851686590423	-0.007373041919430239
8.13138958228755	-0.005509240887983282
8.295927477984677	-0.004099613538252082
8.460465373681803	-0.003039038725529549
8.625003269378929	-0.002244980464035021
8.789541165076056	-0.001653145552628292
8.954079060773182	-0.001213858134640613
9.118616956470309	-0.0008890236142214391
9.283154852167435	-0.0006496367220515405
9.447692747864561	-0.0004737556870053858
9.612230643561688	-0.0003448822667987787
9.776768539258814	-0.0002506781360449949
9.941306434955941	-0.00018196126079811
10.10584433065307	-0.0001319280530830301
10.27038222635019	-9.555689842060314e-05
10.43492012204732	-6.915392785103588e-05
10.59945801774445	-5.001013385989206e-05
10.76399591344157	-3.614397043323356e-05
10.9285338091387	-2.610931400540569e-05
11.09307170483583	-1.885285899467624e-05
11.25760960053295	-1.36087307633736e-05
11.42214749623008	-9.820869909617933e-06
11.5866853919272	-7.08606319085181e-06
11.75122328762433	-5.112244177202894e-06
11.91576118332146	-3.68805336268482e-06
12.08029907901858	-2.660654704961319e-06
12.24483697471571	-1.919606072855032e-06
12.40937487041284	-1.385143247085536e-06
12.57391276610996	-9.996865397298526e-07
12.73845066180709	-7.216860860695489e-07
12.90298855750422	-5.211689049086659e-07
13.06752645320134	-3.765187886527279e-07
13.23206434889847	-2.721494582835235e-07
13.3966022445956	-1.968239553682998e-07
13.56114014029272	-1.424420045154729e-07
13.72567803598985	-1.031646548250077e-07
13.89021593168697	-7.478285662756595e-08
14.0547538273841	-5.426250646076665e-08
14.21929172308123	-3.941637546488516e-08
14.38382961877835	-2.866714637397335e-08
14.54836751447548	-2.08774246901291e-08
14.71290541017261	-1.522673223885609e-08
14.87744330586973	-1.112314032292376e-08
15.04198120156686	-8.139341344044948e-09
15.20651909726399	-5.966802664040233e-09
15.37105699296111	-4.3825664430238e-09
15.53559488865824	-3.225451008016954e-09
15.70013278435536	-2.378819274474597e-09
15.86467068005249	-1.758212532389543e-09
16.02920857574962	-1.302388165271142e-09
16.19374647144674	-9.66905628360864e-10
16.35828436714387	-7.194642067706088e-10
16.522822262841	-5.365617286416212e-10
16.68736015853812	-4.010564325956875e-10
16.85189805423525	-3.004384859250568e-10
17.01643594993238	-2.255542329991819e-10
17.1809738456295	-1.696954452955046e-10
17.34551174132663	-1.279320261010794e-10
17.51004963702376	-9.66411932604295e-11
17.67458753272088	-7.314190949005918e-11
17.83912542841801	-5.545744173306025e-11
18.00366332411513	-4.212152413765607e-11
18.16820121981226	-3.204479868023861e-11
18.33273911550939	-2.441624335395186e-11
18.49727701120651	-1.863054544980981e-11
18.66181490690364	-1.423494142677784e-11
18.82635280260077	-1.088998172945576e-11
18.99089069829789	-8.340626009573803e-12
19.15542859399502	-6.394836872469265e-12
19.31996648969215	-4.907720025067094e-12
19.48450438538927	-3.769734719190691e-12
19.6490422810864	-2.897909071711995e-12
19.81358017678352	-2.229282114034648e-12
19.97811807248065	-1.715995606896611e-12
20.14265596817778	-1.321611451458348e-12
20.3071938638749	-1.018344612440616e-12
20.47173175957203	-7.849770931286993e-13
20.63626965526916	-6.052845432097945e-13
20.80080755096628	-4.668449126837752e-13
20.96534544666341	-3.601367753325644e-13
21.12988334236054	-2.778537834076131e-13
21.29442123805766	-2.14384111462092e-13
21.45895913375479	-1.654134105980004e-13
21.62349702945192	-1.27622220634863e-13
21.78803492514904	-9.845455775255794e-14
21.95257282084617	-7.594117715612862e-14
22.11711071654329	-5.856386749931981e-14
22.28164861224042	-4.515164438162276e-14
22.44618650793755	-3.480090802233666e-14
22.61072440363467	-2.681416750169614e-14
22.7752622993318	-2.065283982766069e-14
22.93980019502893	-1.590099032800065e-14
23.10433809072605	-1.22373165348394e-14
23.26887598642318	-9.413644285366844e-15
23.43341388212031	-7.238216981471144e-15
23.59795177781743	-5.562951094743286e-15
23.76248967351456	-4.273430833748134e-15
23.92702756921168	-3.281319350507012e-15
24.09156546490881	-2.518402616699224e-15
24.25610336060594	-1.932035603803646e-15
24.42064125630306	-1.48159259095349e-15
24.58517915200019	-1.135743225184526e-15
24.74971704769732	-8.703331284319979e-16
24.91425494339444	-6.667511058197884e-16
25.07879283909157	-5.106639057562741e-16
25.2433307347887	-3.910409785557256e-16
25.40786863048582	-2.993980296634813e-16
25.57240652618295	-2.292129760690465e-16
25.73694442188008	-1.754753574442958e-16
25.9014823175772	-1.343390657532709e-16
26.06602021327433	-1.028535014934134e-16
26.23055810897145	-7.875641399916174e-17
26.39509600466858	-6.031423513725398e-17
26.55963390036571	-4.61993385926234e-17
26.72417179606283	-3.539530221526432e-17
26.88870969175996	-2.712430619426939e-17
27.05324758745709	-2.079127155134767e-17
27.21778548315421	-1.594101337655265e-17
27.38232337885134	-1.222540744757337e-17
27.54686127454847	-9.378220612166369e-18
27.71139917024559	-7.19584049360412e-18
27.87593706594272	-5.522525510254047e-18
28.04047496163984	-4.239130737733282e-18
28.20501285733697	-3.254491619236873e-18
28.3695507530341	-2.498831977783835e-18
28.53408864873122	-1.918732224915087e-18
28.69862654442835	-1.473280897680095e-18
28.86316444012548	-1.131135117025895e-18
29.0277023358226	-8.682738823100937e-19
29.19224023151973	-6.662809894253405e-19
29.35677812721686	-5.110320879858093e-19
29.52131602291398	-3.916906080781853e-19
29.68585391861111	-2.999395802370343e-19
29.85039181430824	-2.293934522693471e-19
30.01492971000536	-1.751481180809145e-19
30.17946760570249	-1.334357779276684e-19
30.34400550139961	-1.01360892491033e-19
30.50854339709674	-7.669805219006406e-20
30.67308129279387	-5.773640313013021e-20
30.83761918849099	-4.316013166517313e-20
31.00215708418812	-3.195709337723149e-20
31.16669497988525	-2.334869453781063e-20
31.33123287558237	-1.673592051651754e-20
31.4957707712795	-1.16578809526389e-20
31.66030866697663	-7.759937664447038e-21
31.82484656267375	-4.769221608093047e-21
31.98938445837088	-2.47577194262036e-21
32.15392235406801	-7.180316788679608e-22
0
200	0.510998902	100000000000000.1
5	0	0	1
5	0	0	0
-0.5891188896601621	-4692.561764772353
-0.4245809939630353	-1165.112040860087
-0.2600430982659084	-556.1852053074946
-0.09550520256878162	-316.1853420307404
0.0690326931283452	-195.5335930399032
0.233570588825472	-126.8784686884684
0.3981084845225988	-84.7052182693275
0.5626463802197257	-57.616307276318
0.7271842759168525	-39.66222075855757
0.8917221716139794	-27.53784726993944
1.056260067311106	-19.23725632656926
1.220797963008233	-13.49871677324593
1.38533585870536	-9.503384666159841
1.549873754402487	-6.707261352817148
1.714411650099614	-4.742765315905207
1.87894954579674	-3.358533537901082
2.043487441493867	-2.380957916073389
2.208025337190994	-1.689389909510569
2.372563232888121	-1.199478550863909
2.537101128585248	-0.8520601513253117
2.701639024282374	-0.6054774739932786
2.866176919979501	-0.4303526913408518
3.030714815676628	-0.3059180151169246
3.195252711373755	-0.2174542635827603
3.359790607070882	-0.1545543192096306
3.524328502768009	-0.1098235395579943
3.688866398465136	-0.07801095535211286
3.853404294162262	-0.05538647131594249
4.017942189859389	-0.03929876701236259
4.182480085556516	-0.02786206745280293
4.347017981253642	-0.01973481075292134
4.511555876950768	-0.01396224996483402
4.676093772647895	-0.009864841441818964
4.840631668345021	-0.006958837764931313
5.005169564042148	-0.004899878319539262
5.169707459739274	-0.003442825781990423
5.3342453554364	-0.002413205586177805
5.498783251133527	-0.001686871419451782
5.663321146830653	-0.001175513545795919
5.82785904252778	-0.000816344645277168
5.992396938224906	-0.0005647515424201315
6.156934833922032	-0.0003890584812138492
6.321472729619159	-0.0002667976099180713
6.486010625316285	-0.0001820541968643659
6.650548521013412	-0.0001235729138887043
6.815086416710538	-8.341001506006846e-05
6.979624312407664	-5.59724967090811e-05
7.144162208104791	-3.733433502864245e-05
7.308700103801917	-2.474939227085653e-05
7.473237999499044	-1.630501241675715e-05
7.63777589519617	-1.067552888239646e-05
7.802313790893296	-6.947268029300421e-06
7.966851686590423	-4.494376388398609e-06
8.13138958228755	-2.891067599057986e-06
8.295927477984677	-1.849696402966747e-06
8.460465373681803	-1.177446373752837e-06
8.625003269378929	-7.460270512396578e-07
8.789541165076056	-4.70633270186935e-07
8.954079060773182	-2.957308973265107e-07
9.118616956470309	-1.851654444359592e-07
9.283154852167435	-1.155659004642197e-07
9.447692747864561	-7.192117981134525e-08
9.612230643561688	-4.464591766190448e-08
9.776768539258814	-2.765255327463046e-08
9.941306434955941	-1.709371121705816e-08
10.10584433065307	-1.054857098031165e-08
10.27038222635019	-6.499864460663355e-09
10.43492012204732	-3.9999650297159e-09
10.59945801774445	-2.458820751464213e-09
10.76399591344157	-1.510029829504053e-09
10.9285338091387	-9.266016229373658e-10
11.09307170483583	-5.68203479836528e-10
11.25760960053295	-3.482295976170738e-10
11.42214749623008	-2.133148211833705e-10
11.5866853919272	-1.306193653100562e-10
11.75122328762433	-7.995756282021525e-11
11.91576118332146	-4.893364229581289e-11
12.08029907901858	-2.994194848158235e-11
12.24483697471571	-1.831906185477905e-11
12.40937487041284	-1.120733778928989e-11
12.57391276610996	-6.856489520351276e-12
12.73845066180709	-4.194941972402191e-12
12.90298855750422	-2.566841356341919e-12
13.06752645320134	-1.570894279954342e-12
13.23206434889847	-9.61603131969923e-13
13.3966022445956	-5.888096597347618e-13
13.56114014029272	-3.606732597839024e-13
13.72567803598985	-2.210273184866169e-13
13.89021593168697	-1.355208211252305e-13
14.0547538273841	-8.314447928870424e-14
14.21929172308123	-5.10469325673456e-14
14.38382961877835	-3.136648928571027e-14
14.54836751447548	-1.929169849416084e-14
14.71290541017261	-1.187779278617652e-14
14.87744330586973	-7.321738162064165e-15
15.04198120156686	-4.519212977117168e-15
15.20651909726399	-2.793415311926301e-15
15.37105699296111	-1.729377766389617e-15
15.53559488865824	-1.072451395020404e-15
15.70013278435536	-6.66272892203788e-16
15.86467068005249	-4.147234303186584e-16
16.02920857574962	-2.586674694465109e-16
16.19374647144674	-1.616725863088213e-16
16.35828436714387	-1.012687395003177e-16
16.522822262841	-6.35740490432104e-17
16.68736015853812	-4.000083571289126e-17
16.85189805423525	-2.522603896639334e-17
17.01643594993238	-1.59450256752594e-17
17.1809738456295	-1.010156298103737e-17
17.34551174132663	-6.41405474893387e-18
17.51004963702376	-4.081578840217245e-18
17.67458753272088	-2.603031372870908e-18
17.83912542841801	-1.663522936559956e-18
18.00366332411513	-1.065267325190847e-18
18.16820121981226	-6.834960939051997e-19
18.33273911550939	-4.39359422966616e-19
18.49727701120651	-2.829266569290452e-19
18.66181490690364	-1.824970541089323e-19
18.82635280260077	-1.179032263855401e-19
18.99089069829789	-7.628530299671204e-20
19.15542859399502	-4.94265157258378e-20
19.31996648969215	-3.206572818481849e-20
19.48450438538927	-2.082778484839672e-20
19.6490422810864	-1.354332729990185e-20
19.81358017678352	-8.815522624260056e-21
19.97811807248065	-5.743445984781768e-21
20.14265596817778	-3.745075704880498e-21
20.3071938638749	-2.44385730955587e-21
20.47173175957203	-1.595813014053594e-21
20.63626965526916	-1.042665406699897e-21
20.80080755096628	-6.816013225495178e-22
20.96534544666341	-4.457655665430086e-22
21.12988334236054	-2.916357899926276e-22
21.29442123805766	-1.908550296390035e-22
21.45895913375479	-1.249292753503943e-22
21.62349702945192	-8.178901357452248e-23
21.78803492514904	-5.35509092077496e-23
21.95257282084617	-3.506341060907122e-23
22.11711071654329	-2.295775983736245e-23
22.28164861224042	-1.50303549041479e-23
22.44618650793755	-9.838925130080622e-24
22.61072440363467	-6.439369278752692e-24
22.7752622993318	-4.21339846266047e-24
22.93980019502893	-2.756109282728458e-24
23.10433809072605	-1.8022445105298e-24
23.26887598642318	-1.178063663095426e-24
23.43341388212031	-7.697387348901092e-25
23.59795177781743	-5.027197128771019e-25
23.76248967351456	-3.281725268305825e-25
23.92702756921168	-2.141242364393155e-25
24.09156546490881	-1.396392451104653e-25
24.25610336060594	-9.101794362469017e-26
24.42064125630306	-5.929542777362954e-26
24.58517915200019	-3.860975689087109e-26
24.74971704769732	-2.512800809826823e-26
24.91425494339444	-1.634629779293732e-26
25.07879283909157	-1.062897762092969e-26
25.2433307347887	-6.908653401003415e-27
25.40786863048582	-4.488917894982962e-27
25.57240652618295	-2.915867769664997e-27
25.73694442188008	-1.893621928653692e-27
25.9014823175772	-1.229552719470848e-27
26.06602021327433	-7.982751175346768e-28
26.23055810897145	-5.182524233144944e-28
26.39509600466858	-3.364617313218965e-28
26.55963390036571	-2.184554179782038e-28
26.72417179606283	-1.418541541165529e-28
26.88870969175996	-9.212908488603699e-29
27.05324758745709	-5.984689078113644e-29
27.21778548315421	-3.888603208313403e-29
27.38232337885134	-2.527331237031732e-29
27.54686127454847	-1.643073375821136e-29
27.71139917024559	-1.068518383563817e-29
27.87593706594272	-6.950918901737709e-30
28.04047496163984	-4.523106607054176e-30
28.20501285733697	-2.944189628453087e-30
28.3695507530341	-1.917009058540178e-30
28.53408864873122	-1.248554266587729e-30
28.69862654442835	-8.134058176915196e-31
28.86316444012548	-5.300498917544763e-31
29.0277023358226	-3.454815336964668e-31
29.19224023151973	-2.252278508493678e-31
29.35677812721686	-1.468571839593079e-31
29.52131602291398	-9.577064333682173e-32
29.68585391861111	-6.246238374829756e-32
29.85039181430824	-4.074177413618743e-32
30.01492971000536	-2.657537902657725e-32
30.17946760570249	-1.733509805387858e-32
30.34400550139961	-1.130735377542316e-32
30.50854339709674	-7.374985893703903e-33
30.67308129279387	-4.809563488276461e-33
30.83761918849099	-3.136028131549589e-33
31.00215708418812	-2.044376716252813e-33
31.16669497988525	-1.332381528910205e-33
31.33123287558237	-8.680759365921106e-34
31.4957707712795	-5.653618107290724e-34
31.66030866697663	-3.680511067689275e-34
31.82484656267375	-2.394838553583575e-34
31.98938445837088	-1.557420890968195e-34
32.15392235406801	-1.012225283843118e-34
