0
200	105.658389	100000000000000.1
5	0	0	1
5	0	0	0
4.729151094994482	-2602.328106077076
4.86703099578106	-1601.59456850462
5.004910896567638	-1192.479993496646
5.142790797354215	-934.0551353825799
5.280670698140793	-757.1297869763179
5.418550598927371	-623.3524430679329
5.556430499713948	-518.5049766665678
5.694310400500526	-434.4033168227884
5.832190301287103	-365.8300370122027
5.970070202073681	-309.3230654926966
6.107950102860259	-262.2863712015325
6.245830003646836	-222.9881319499701
6.383709904433414	-189.9487049112395
6.521589805219992	-162.0575745884362
6.659469706006569	-138.4687058223871
6.797349606793147	-118.3855943810599
6.935229507579725	-101.3983547988328
7.073109408366302	-86.88488250692754
7.21098930915288	-74.49106738437393
7.348869209939457	-63.91189191862426
7.486749110726035	-54.84120724748833
7.624629011512613	-47.11139155481701
7.76250891229919	-40.47902056881703
7.900388813085768	-34.79134624829285
8.038268713872345	-29.92252155222896
8.176148614658922	-25.7390012241497
8.3140285154455	-22.15534952176897
8.451908416232078	-19.06711099768384
8.589788317018655	-16.4313751472869
8.727668217805233	-14.16102622301587
8.865548118591811	-12.2070818309586
9.003428019378388	-10.5240832613629
9.141307920164966	-9.073708613548627
9.279187820951543	-7.823329683017303
9.417067721738121	-6.744970263087499
9.554947622524699	-5.814680220637066
9.692827523311276	-5.011900666228414
9.830707424097854	-4.318991879604961
9.968587324884432	-3.720804547017612
10.10646722567101	-3.204311406888857
10.24434712645759	-2.758313205709551
10.38222702724416	-2.373166104246263
10.52010692803074	-2.040570217796648
10.65798682881732	-1.753370611920948
10.7958667296039	-1.505402112639036
10.93374663039048	-1.291345685410098
11.07162653117705	-1.106612573414701
11.20950643196363	-0.9472407699711711
11.34738633275021	-0.8098086813216953
11.48526623353679	-0.6913594461061282
11.62314613432336	-0.589337279722674
11.76102603510994	-0.5015313715088777
11.89890593589652	-0.4260290528100394
12.0367858366831	-0.3611743102314713
12.17466573746967	-0.3055331132081713
12.31254563825625	-0.257862522401526
12.45042553904283	-0.217084996727868
12.58830543982941	-0.1822658276575309
12.72618534061598	-0.1525935867552114
12.86406524140256	-0.1273636565628828
13.00194514218914	-0.1059637845381439
13.13982504297572	-0.0878616762218393
13.27770494376229	-0.0725945419196453
13.41558484454887	-0.0597597343546346
13.55346474533545	-0.04900714885202381
13.69134464612203	-0.04003231813161694
13.82922454690861	-0.03257072387866095
13.96710444769518	-0.02639284190204538
14.10498434848176	-0.02129982635150826
14.24286424926834	-0.01711983529598335
14.38074415005492	-0.01370478554121308
14.51862405084149	-0.01092756646825183
14.65650395162807	-0.008679500698669898
14.79438385241465	-0.006868148429435224
14.93226375320123	-0.005415294685541562
15.0701436539878	-0.004255141240606677
15.20802355477438	-0.003332693148556723
15.34590345556096	-0.002602257042585107
15.48378335634754	-0.002026128361676716
15.62166325713411	-0.001573382888538239
15.75954315792069	-0.00121882821547241
15.89742305870727	-0.0009420595357679579
16.03530295949385	-0.0007266541866554773
16.17318286028042	-0.0005594633321440933
16.311062761067	-0.0004300190578793573
16.44894266185358	-0.0003300258825097904
16.58682256264015	-0.000252941671007466
16.72470246342673	-0.0001936272692671469
16.8625823642133	-0.0001480622365857911
17.00046226499988	-0.0001131107606250992
17.13834216578645	-8.633656017018337e-05
17.27622206657303	-6.585010258467735e-05
17.41410196735961	-5.019149136364637e-05
17.55198186814618	-3.823374018734599e-05
17.68986176893276	-2.910983712706061e-05
17.82774166971933	-2.215304136717669e-05
17.96562157050591	-1.68520991826366e-05
18.10350147129249	-1.281506426152175e-05
18.24138137207906	-9.742130994036435e-06
18.37926127286564	-7.404039587897062e-06
18.51714117365221	-5.625756141026001e-06
18.65502107443879	-4.273680144891033e-06
18.79290097522536	-3.245970244727459e-06
18.93078087601194	-2.464998830894161e-06
19.06866077679852	-1.871668269534773e-06
19.20654067758509	-1.420976930119736e-06
19.34442057837167	-1.078695554991222e-06
19.48230047915824	-8.187837916017257e-07
19.62018037994482	-6.214470910330855e-07
19.7580602807314	-4.716358487540165e-07
19.89594018151797	-3.579169583565873e-07
20.03382008230455	-2.716017710848735e-07
20.17169998309112	-2.060923822741116e-07
20.3095798838777	-1.563765446518847e-07
20.44745978466428	-1.186492476374083e-07
20.58533968545085	-9.002078508786245e-08
20.72321958623743	-6.829798102158526e-08
20.861099487024	-5.181559437788084e-08
20.99897938781058	-3.930999993726679e-08
21.13685928859715	-2.982202201264581e-08
21.27473918938373	-2.262355954675878e-08
21.41261909017031	-1.716238082463568e-08
21.55049899095688	-1.301926584435902e-08
21.68837889174346	-9.87619162972231e-09
21.82625879253003	-7.491797433628072e-09
21.96413869331661	-5.682998901619563e-09
22.10201859410319	-4.310855452152083e-09
22.23989849488976	-3.269979769485954e-09
22.37777839567634	-2.480399529985582e-09
22.51565829646291	-1.881457791636592e-09
22.65353819724949	-1.427127335304564e-09
22.79141809803606	-1.082499160949005e-09
22.92929799882264	-8.210852102622815e-10
23.06717789960922	-6.22795582177364e-10
23.20505780039579	-4.723881617556228e-10
23.34293770118237	-3.583021945378259e-10
23.48081760196894	-2.717664977527844e-10
23.61869750275552	-2.061291992183701e-10
23.7565774035421	-1.563433630230344e-10
23.89445730432867	-1.185813253973861e-10
24.03233720511525	-8.993930527311636e-11
24.17021710590182	-6.821499335391796e-11
24.3080970066884	-5.173762689437687e-11
24.44597690747498	-3.924012378874307e-11
24.58385680826155	-2.976117551600316e-11
24.72173670904813	-2.257187091105177e-11
24.8596166098347	-1.711906770333428e-11
24.99749651062128	-1.298346866624454e-11
25.13537641140785	-9.846839199853287e-12
25.27325631219443	-7.467925864659761e-12
25.41113621298101	-5.663683912176031e-12
25.54901611376758	-4.295314834960174e-12
25.68689601455416	-3.257518224189961e-12
25.82477591534073	-2.470443592248234e-12
25.96265581612731	-1.873523647852933e-12
26.10053571691389	-1.420821391044966e-12
26.23841561770046	-1.077495928452249e-12
26.37629551848704	-8.17123216408386e-13
26.51417541927361	-6.196622940108721e-13
26.65205532006019	-4.699136348206053e-13
26.78993522084676	-3.56349556185796e-13
26.92781512163334	-2.702275259151686e-13
27.06569502241992	-2.049168836288112e-13
27.20357492320649	-1.553890338365918e-13
27.34145482399307	-1.178302270001373e-13
27.47933472477964	-8.934840785133996e-14
27.61721462556622	-6.775003626404831e-14
27.7550945263528	-5.137171648321385e-14
27.89297442713937	-3.895198902677168e-14
28.03085432792595	-2.953414700762187e-14
28.16873422871252	-2.239271350363235e-14
28.3066141294991	-1.697750910356349e-14
28.44449403028568	-1.287132252568704e-14
28.58237393107225	-9.757762815012648e-15
28.72025383185883	-7.396891116388489e-15
28.8581337326454	-5.606780947585529e-15
28.99601363343198	-4.249466145810614e-15
29.13389353421855	-3.22032462379289e-15
29.27177343500513	-2.440016367541586e-15
29.40965333579171	-1.848383081717356e-15
29.54753323657828	-1.399810718778766e-15
29.68541313736486	-1.059711135642746e-15
29.82329303815143	-8.018575687654016e-16
29.96117293893801	-6.063630423158449e-16
30.09905283972459	-4.581492993286962e-16
30.23693274051116	-3.457829191290651e-16
30.37481264129774	-2.605950409182409e-16
30.51269254208431	-1.960130778710932e-16
30.65057244287089	-1.470538005796611e-16
30.78845234365746	-1.099385836931895e-16
30.92633224444404	-8.180253386287969e-17
31.06421214523062	-6.047368384788562e-17
31.20209204601719	-4.430542037661431e-17
31.33997194680377	-3.204933804435341e-17
31.47785184759034	-2.275894796354327e-17
31.61573174837692	-1.571675901824454e-17
31.7536116491635	-1.037883705205376e-17
31.89149154995007	-6.33285460948272e-18
32.02937145073665	-3.266200663911055e-18
32.16725135152323	-9.41834059887755e-19
0
200	105.658389	100000000000000.1
5	0	0	1
5	0	0	0
4.729151094994482	-133.2349945734835
4.86703099578106	-30.90533443292875
5.004910896567638	-15.12518814662816
5.142790797354215	-8.880358258120349
5.280670698140793	-5.671088165973171
5.418550598927371	-3.800076246315254
5.556430499713948	-2.625025615090706
5.694310400500526	-1.849426574458857
5.832190301287103	-1.321145120101285
5.970070202073681	-0.9530854151050159
6.107950102860259	-0.6926152662235223
6.245830003646836	-0.5059701171476733
6.383709904433414	-0.3711854998243115
6.521589805219992	-0.2733195362358469
6.659469706006569	-0.2018531433492316
6.797349606793147	-0.1494350475076389
6.935229507579725	-0.1108447358534006
7.073109408366302	-0.08234925653610481
7.21098930915288	-0.06125766871773428
7.348869209939457	-0.04561655185011556
7.486749110726035	-0.03399904139230504
7.624629011512613	-0.02535911158582464
7.76250891229919	-0.01892666272100007
7.900388813085768	-0.01413348241046886
8.038268713872345	-0.01055901250109685
8.176148614658922	-0.007891722409135618
8.3140285154455	-0.005900194950008917
8.451908416232078	-0.004412603584333681
8.589788317018655	-0.003296150214691316
8.727668217805233	-0.002472766731449039
8.865548118591811	-0.001854863685863135
9.003428019378388	-0.001392260017375647
9.141307920164966	-0.001045496973631503
9.279187820951543	-0.000785394928692343
9.417067721738121	-0.0005902014103289118
9.554947622524699	-0.0004436497549765433
9.692827523311276	-0.0003335740386016082
9.830707424097854	-0.0002508626828125974
9.968587324884432	-0.0001886919855416265
10.10646722567101	-0.0001419464995714993
10.24434712645759	-0.0001067895902743716
10.38222702724416	-8.034225895464699e-05
10.52010692803074	-6.044300000557103e-05
10.65798682881732	-4.546834077672137e-05
10.7958667296039	-3.419832576582203e-05
10.93374663039048	-2.571594664099603e-05
11.07162653117705	-1.933159851986572e-05
11.20950643196363	-1.452658137175133e-05
11.34738633275021	-1.091057588534086e-05
11.48526623353679	-8.189837592167452e-06
11.62314613432336	-6.143209862816628e-06
11.76102603510994	-4.604186432840822e-06
11.89890593589652	-3.447357222345156e-06
12.0367858366831	-2.578276072781373e-06
12.17466573746967	-1.925788601315438e-06
12.31254563825625	-1.436301342739059e-06
12.45042553904283	-1.069433894916163e-06
12.58830543982941	-7.947734553048374e-07
12.72618534061598	-5.894072509018743e-07
12.86406524140256	-4.360830675456982e-07
13.00194514218914	-3.218079949533378e-07
13.13982504297572	-2.368048355674504e-07
13.27770494376229	-1.737153916337595e-07
13.41558484454887	-1.270082560617074e-07
13.55346474533545	-9.252577564399802e-08
13.69134464612203	-6.71477347096544e-08
13.82922454690861	-4.853357520474117e-08
13.96710444769518	-3.49313610802922e-08
14.10498434848176	-2.503105944491212e-08
14.24286424926834	-1.78559385384352e-08
14.38074415005492	-1.267905072824039e-08
14.51862405084149	-8.961425113684509e-09
14.65650395162807	-6.304522064891624e-09
14.79438385241465	-4.415061408776388e-09
14.93226375320123	-3.077980350205802e-09
15.0701436539878	-2.136482516079139e-09
15.20802355477438	-1.476736856480682e-09
15.34590345556096	-1.016633499946279e-09
15.48378335634754	-6.972215480332106e-10
15.62166325713411	-4.764603433889407e-10
15.75954315792069	-3.245122810876092e-10
15.89742305870727	-2.203410418143998e-10
16.03530295949385	-1.491832961770334e-10
16.17318286028042	-1.007431324149606e-10
16.311062761067	-6.786976954954137e-11
16.44894266185358	-4.562525532814213e-11
16.58682256264015	-3.061169882182849e-11
16.72470246342673	-2.050284264233361e-11
16.8625823642133	-1.371065368726862e-11
17.00046226499988	-9.155850147843055e-12
17.13834216578645	-6.106548725004524e-12
17.27622206657303	-4.068332314888168e-12
17.41410196735961	-2.707750602403378e-12
17.55198186814618	-1.800645312215213e-12
17.68986176893276	-1.196499426783067e-12
17.82774166971933	-7.945249131328724e-13
17.96562157050591	-5.272804605147108e-13
18.10350147129249	-3.497459501283055e-13
18.24138137207906	-2.318790197335361e-13
18.37926127286564	-1.536734949488514e-13
18.51714117365221	-1.01807554191625e-13
18.65502107443879	-6.742643342540636e-14
18.79290097522536	-4.464362105983571e-14
18.93078087601194	-2.955214634341454e-14
19.06866077679852	-1.955802884609934e-14
19.20654067758509	-1.294152825220371e-14
19.34442057837167	-8.561966400916871e-15
19.48230047915824	-5.663753360203865e-15
19.62018037994482	-3.7460944114522e-15
19.7580602807314	-2.477479355623314e-15
19.89594018151797	-1.638314309587603e-15
20.03382008230455	-1.083308314087669e-15
20.17169998309112	-7.162623632923709e-16
20.3095798838777	-4.735523708343924e-16
20.44745978466428	-3.130662134730339e-16
20.58533968545085	-2.069599946358537e-16
20.72321958623743	-1.368088806530857e-16
20.861099487024	-9.043340435356194e-17
20.99897938781058	-5.9775775633925e-17
21.13685928859715	-3.951043452897869e-17
21.27473918938373	-2.611458990573403e-17
21.41261909017031	-1.726026776999634e-17
21.55049899095688	-1.140772320716158e-17
21.68837889174346	-7.53954853558639e-18
21.82625879253003	-4.982881585728669e-18
21.96413869331661	-3.293155316929376e-18
22.10201859410319	-2.176376428538995e-18
22.23989849488976	-1.438312831753952e-18
22.37777839567634	-9.505255792198487e-19
22.51565829646291	-6.281634041434341e-19
22.65353819724949	-4.15119631291662e-19
22.79141809803606	-2.743297385689838e-19
22.92929799882264	-1.812862388996716e-19
23.06717789960922	-1.197998313534702e-19
23.20505780039579	-7.9166286752729e-20
23.34293770118237	-5.231474032324511e-20
23.48081760196894	-3.457011535639819e-20
23.61869750275552	-2.284428279550175e-20
23.7565774035421	-1.509549477784235e-20
23.89445730432867	-9.975100035807267e-21
24.03233720511525	-6.591441412946166e-21
24.17021710590182	-4.355556946302944e-21
24.3080970066884	-2.878062874942744e-21
24.44597690747498	-1.901765907062421e-21
24.58385680826155	-1.25662915363525e-21
24.72173670904813	-8.303427586108923e-22
24.8596166098347	-5.486570281944969e-22
24.99749651062128	-3.625305925320197e-22
25.13537641140785	-2.395419621665278e-22
25.27325631219443	-1.582773098346232e-22
25.41113621298101	-1.045800575083176e-22
25.54901611376758	-6.91001735238688e-23
25.68689601455416	-4.565648512011916e-23
25.82477591534073	-3.0166558560193e-23
25.96265581612731	-1.993159412122615e-23
26.10053571691389	-1.316916223918523e-23
26.23841561770046	-8.700958744193939e-24
26.37629551848704	-5.748781355161925e-24
26.51417541927361	-3.798194347840869e-24
26.65205532006019	-2.509447788527103e-24
26.78993522084676	-1.657951081374441e-24
26.92781512163334	-1.095379719097233e-24
27.06569502241992	-7.236858505753123e-25
27.20357492320649	-4.781176177418454e-25
27.34145482399307	-3.158723765133405e-25
27.47933472477964	-2.086832885996714e-25
27.61721462556622	-1.378655512661371e-25
27.7550945263528	-9.107994892140244e-26
27.89297442713937	-6.017022724107118e-26
28.03085432792595	-3.975019459709588e-26
28.16873422871252	-2.625962492124898e-26
28.3066141294991	-1.734747716623029e-26
28.44449403028568	-1.14597592681662e-26
28.58237393107225	-7.570303097693545e-27
28.72025383185883	-5.000834533009076e-27
28.8581337326454	-3.303451029056422e-27
28.99601363343198	-2.182139122333814e-27
29.13389353421855	-1.441440129818816e-27
29.27177343500513	-9.521456165165068e-28
29.40965333579171	-6.289375067076362e-28
29.54753323657828	-4.154337513398054e-28
29.68541313736486	-2.744059122934438e-28
29.82329303815143	-1.81248865944488e-28
29.96117293893801	-1.197165430696767e-28
30.09905283972459	-7.907201274385932e-29
30.23693274051116	-5.222620075591654e-29
30.37481264129774	-3.44940214246356e-29
30.51269254208431	-2.278209651755209e-29
30.65057244287089	-1.504634159972965e-29
30.78845234365746	-9.937245196160751e-30
30.92633224444404	-6.562841513183777e-30
31.06421214523062	-4.33424160849241e-30
31.20209204601719	-2.86234735622073e-30
31.33997194680377	-1.890291935797632e-30
31.47785184759034	-1.24831798456664e-30
31.61573174837692	-8.243558846446604e-31
31.7536116491635	-5.443676578288295e-31
31.89149154995007	-3.594653101230952e-31
32.02937145073665	-2.373636456375507e-31
32.16725135152323	-1.567400059796302e-31
