0
200	105.658389	100000000000000.1
5	0	0	1
5	0	0	0
4.729151094994482	-0.8489265155744229
4.86703099578106	-0.5232736262144247
5.004910896567638	-0.3914605852577639
5.142790797354215	-0.3082165404592163
5.280670698140793	-0.2511106688395812
5.418550598927371	-0.207806741726304
5.556430499713948	-0.1737434326060197
5.694310400500526	-0.1463194114344363
5.832190301287103	-0.1238730457703112
5.970070202073681	-0.1052937113613321
6.107950102860259	-0.08977019195648198
6.245830003646836	-0.07672436310532985
6.383709904433414	-0.06571163339663827
6.521589805219992	-0.05637420104620642
6.659469706006569	-0.04842992395947412
6.797349606793147	-0.04165158890421812
6.935229507579725	-0.03585432131000045
7.073109408366302	-0.03088696547871085
7.21098930915288	-0.02662363366247815
7.348869209939457	-0.02296076313259524
7.486749110726035	-0.01980961827134102
7.624629011512613	-0.01709647472315619
7.76250891229919	-0.01475872919402474
7.900388813085768	-0.0127430216635844
8.038268713872345	-0.01100415023533098
8.176148614658922	-0.009503266853765359
8.3140285154455	-0.008207351494419889
8.451908416232078	-0.007088017734162669
8.589788317018655	-0.006120917287955606
8.727668217805233	-0.005285143127690147
8.865548118591811	-0.004562711485873487
9.003428019378388	-0.003938150874274248
9.141307920164966	-0.003398135143601956
9.279187820951543	-0.002931180239993269
9.417067721738121	-0.002527384032530414
9.554947622524699	-0.002178201221419324
9.692827523311276	-0.001876258432357227
9.830707424097854	-0.001615184647608032
9.968587324884432	-0.001389479563844912
10.10646722567101	-0.001194385826188632
10.24434712645759	-0.001025794017261367
10.38222702724416	-0.0008801469471767701
10.52010692803074	-0.0007543701342415785
10.65798682881732	-0.0006458007394752585
10.7958667296039	-0.0005521354678051093
10.93374663039048	-0.000471378884084501
11.07162653117705	-0.0004018033840178864
11.20950643196363	-0.000341911810859739
11.34738633275021	-0.0002904068906346974
11.48526623353679	-0.0002461637597275374
11.62314613432336	-0.0002082071003237371
11.76102603510994	-0.0001756905134219858
11.89890593589652	-0.0001478796121188943
12.0367858366831	-0.0001241365485920242
12.17466573746967	-0.0001039074839467753
12.31254563825625	-8.67109842560162e-05
12.45042553904283	-7.212865517396154e-05
12.58830543982941	-5.979670865176722e-05
12.72618534061598	-4.939873777455965e-05
12.86406524140256	-4.065956548508268e-05
13.00194514218914	-3.333991791140574e-05
13.13982504297572	-2.723178015029994e-05
13.27770494376229	-2.215455193727558e-05
13.41558484454887	-1.795152640168475e-05
13.55346474533545	-1.448707179398935e-05
13.69134464612203	-1.164399990394655e-05
13.82922454690861	-9.321398173528765e-06
13.96710444769518	-7.432680743675937e-06
14.10498434848176	-5.903862148834977e-06
14.24286424926834	-4.672030287406067e-06
14.38074415005492	-3.68397332913484e-06
14.51862405084149	-2.894946055850777e-06
14.65650395162807	-2.267546400440699e-06
14.79438385241465	-1.770710605131142e-06
14.93226375320123	-1.378803086928275e-06
15.0701436539878	-1.070800283960122e-06
15.20802355477438	-8.295756178162564e-07
15.34590345556096	-6.41256363274007e-07
15.48378335634754	-4.946765314612165e-07
15.62166325713411	-3.808953162867654e-07
15.75954315792069	-2.927943270316991e-07
15.89742305870727	-2.247315983218389e-07
16.03530295949385	-1.722575679676734e-07
16.17318286028042	-1.318762682895997e-07
16.311062761067	-1.008525545298805e-07
16.44894266185358	-7.70531789197377e-08
16.58682256264015	-5.882003977796639e-08
16.72470246342673	-4.48676283158071e-08
16.8625823642133	-3.420212595098529e-08
17.00046226499988	-2.605659382839469e-08
17.13834216578645	-1.984081845960202e-08
17.27622206657303	-1.510091364415368e-08
17.41410196735961	-1.148882343793768e-08
17.55198186814618	-8.737653398597306e-09
17.68986176893276	-6.643281427348418e-09
17.82774166971933	-5.049551805211667e-09
17.96562157050591	-3.837270536121109e-09
18.10350147129249	-2.915426064014783e-09
18.24138137207906	-2.214646557226589e-09
18.37926127286564	-1.682046898962472e-09
18.51714117365221	-1.277358915803336e-09
18.65502107443879	-9.699184914508696e-10
18.79290097522536	-7.363983678326734e-10
18.93078087601194	-5.590489629181183e-10
19.06866077679852	-4.243781690855552e-10
19.20654067758509	-3.221255929539905e-10
19.34442057837167	-2.44495782143894e-10
19.48230047915824	-1.855640265666555e-10
19.62018037994482	-1.408304029974707e-10
19.7580602807314	-1.06876089138878e-10
19.89594018151797	-8.110537258793176e-11
20.03382008230455	-6.154662392324816e-11
20.17169998309112	-4.670326978185188e-11
20.3095798838777	-3.543879925003033e-11
20.44745978466428	-2.689067909655146e-11
20.58533968545085	-2.040400861941866e-11
20.72321958623743	-1.548182917792463e-11
20.861099487024	-1.174685870067337e-11
20.99897938781058	-8.912832446003806e-12
21.13685928859715	-6.762469460724486e-12
21.27473918938373	-5.130839016352398e-12
21.41261909017031	-3.892848564218072e-12
21.55049899095688	-2.9535340582766e-12
21.68837889174346	-2.240852183048665e-12
21.82625879253003	-1.700123250891418e-12
21.96413869331661	-1.289866835895154e-12
22.10201859410319	-9.786012361597216e-13
22.23989849488976	-7.424449571441893e-13
22.37777839567634	-5.632737425866261e-13
22.51565829646291	-4.273391297212626e-13
22.65353819724949	-3.242072875320707e-13
22.79141809803606	-2.459636536897846e-13
22.92929799882264	-1.866020031137751e-13
23.06717789960922	-1.415662123551131e-13
23.20505780039579	-1.07399033922874e-13
23.34293770118237	-8.147780589634112e-14
23.48081760196894	-6.181237656959226e-14
23.61869750275552	-4.689319682821886e-14
23.7565774035421	-3.557473631756142e-14
23.89445730432867	-2.698805221774406e-14
24.03233720511525	-2.047381832635715e-14
24.17021710590182	-1.553188922207447e-14
24.3080970066884	-1.17827624691099e-14
24.44597690747498	-8.938573030017466e-15
24.58385680826155	-6.780881449000424e-15
24.72173670904813	-5.14402287599818e-15
24.8596166098347	-3.902255942441668e-15
24.99749651062128	-2.960245270343308e-15
25.13537641140785	-2.245619509290684e-15
25.27325631219443	-1.703502285677824e-15
25.41113621298101	-1.292248915270293e-15
25.54901611376758	-9.802743985713635e-16
25.68689601455416	-7.436114493458493e-16
25.82477591534073	-5.640814033256585e-16
25.96265581612731	-4.278925525936117e-16
26.10053571691389	-3.24582304165498e-16
26.23841561770046	-2.462135239869665e-16
26.37629551848704	-1.867651568354824e-16
26.51417541927361	-1.416695652573264e-16
26.65205532006019	-1.07461743510313e-16
26.78993522084676	-8.151313297353058e-17
26.92781512163334	-6.18297765331623e-17
27.06569502241992	-4.689902214824667e-17
27.20357492320649	-3.557341964046803e-17
27.34145482399307	-2.69825162773542e-17
27.47933472477964	-2.046606448159871e-17
27.61721462556622	-1.552316144652342e-17
27.7550945263528	-1.177386927676235e-17
27.89297442713937	-8.929983605962917e-18
28.03085432792595	-6.77287070123125e-18
28.16873422871252	-5.136696289905025e-18
28.3066141294991	-3.895663803717641e-18
28.44449403028568	-2.954354225173883e-18
28.58237393107225	-2.240387497743619e-18
28.72025383185883	-1.698858635052444e-18
28.8581337326454	-1.288126196702883e-18
28.99601363343198	-9.766022718594845e-19
29.13389353421855	-7.403265108662179e-19
29.27177343500513	-5.611234704145343e-19
29.40965333579171	-4.252080609631657e-19
29.54753323657828	-3.22124966277521e-19
29.68541313736486	-2.439438476603709e-19
29.82329303815143	-1.846496782136071e-19
29.96117293893801	-1.396801101396505e-19
30.09905283972459	-1.055749445938851e-19
30.23693274051116	-7.970960311115936e-20
30.37481264129774	-6.00935368600579e-20
30.51269254208431	-4.521701943566822e-20
30.65057244287089	-3.39350053226684e-20
30.78845234365746	-2.537907348717978e-20
30.92633224444404	-1.889062084378641e-20
31.06421214523062	-1.397009762281103e-20
31.20209204601719	-1.023860887811945e-20
31.33997194680377	-7.408846992824436e-21
31.47785184759034	-5.262937102338796e-21
31.61573174837692	-3.635634736579519e-21
31.7536116491635	-2.401611599659898e-21
31.89149154995007	-1.465833381162815e-21
32.02937145073665	-7.562259392507774e-22
32.16725135152323	-2.181211137521508e-22
0
200	105.658389	100000000000000.1
5	0	0	1
5	0	0	0
4.729151094994482	-0.04377971189952308
4.86703099578106	-0.00997432025233972
5.004910896567638	-0.004869885933322477
5.142790797354215	-0.002862968583726393
5.280670698140793	-0.001833099964451984
5.418550598927371	-0.001232291214754134
5.556430499713948	-0.0008543181913449659
5.694310400500526	-0.0006042441555467857
5.832190301287103	-0.0004334274181064235
5.970070202073681	-0.0003140324420607874
6.107950102860259	-0.0002292448818056672
6.245830003646836	-0.0001682454035693414
6.383709904433414	-0.0001240230727991043
6.521589805219992	-9.178002479826829e-05
6.659469706006569	-6.81329620855211e-05
6.797349606793147	-5.070956992642352e-05
6.935229507579725	-3.78212801977396e-05
7.073109408366302	-2.825689896853892e-05
7.21098930915288	-2.114094620808501e-05
7.348869209939457	-1.583559984406198e-05
7.486749110726035	-1.187327868357723e-05
7.624629011512613	-8.909801558561981e-06
7.76250891229919	-6.690685126153085e-06
7.900388813085768	-5.027311203725779e-06
8.038268713872345	-3.779359312113512e-06
8.176148614658922	-2.842483245779952e-06
8.3140285154455	-2.138597077439266e-06
8.451908416232078	-1.609533403838836e-06
8.589788317018655	-1.211680422420883e-06
8.727668217805233	-9.123755531630284e-07
8.865548118591811	-6.871303750562732e-07
9.003428019378388	-5.17566955614453e-07
9.141307920164966	-3.898871870938558e-07
9.279187820951543	-2.937239283912005e-07
9.417067721738121	-2.21284131974709e-07
9.554947622524699	-1.66707009288325e-07
9.692827523311276	-1.255830551458759e-07
9.830707424097854	-9.459359461351093e-08
9.968587324884432	-7.123999852491092e-08
10.10646722567101	-5.364064472402589e-08
10.24434712645759	-4.037807924846677e-08
10.38222702724416	-3.038438362196751e-08
10.52010692803074	-2.285473436049647e-08
10.65798682881732	-1.71825664470261e-08
10.7958667296039	-1.291060147890801e-08
10.93374663039048	-9.694125512404595e-09
11.07162653117705	-7.273207692251987e-09
11.20950643196363	-5.451877103259965e-09
11.34738633275021	-4.08234596951513e-09
11.48526623353679	-3.053188851691696e-09
11.62314613432336	-2.280379112140804e-09
11.76102603510994	-1.700570696401595e-09
11.89890593589652	-1.266000544123177e-09
12.0367858366831	-9.406719358444379e-10
12.17466573746967	-6.974495139643506e-10
12.31254563825625	-5.158940650473346e-10
12.45042553904283	-3.806072410376124e-10
12.58830543982941	-2.79999993538939e-10
12.72618534061598	-2.053498098152127e-10
12.86406524140256	-1.501000783247144e-10
13.00194514218914	-1.093229950173381e-10
13.13982504297572	-7.932119076624318e-11
13.27770494376229	-5.732184400032217e-11
13.41558484454887	-4.125016705344056e-11
13.55346474533545	-2.955526005051071e-11
13.69134464612203	-2.108128987503299e-11
13.82922454690861	-1.496833103251437e-11
13.96710444769518	-1.057909834496344e-11
14.10498434848176	-7.442521360182957e-12
14.24286424926834	-5.212079250022284e-12
14.38074415005492	-3.633748676232428e-12
14.51862405084149	-2.52237804201889e-12
14.65650395162807	-1.743577877949542e-12
14.79438385241465	-1.200423294807344e-12
14.93226375320123	-8.233335411793778e-13
15.0701436539878	-5.626898691161792e-13
15.20802355477438	-3.832766470723162e-13
15.34590345556096	-2.602654219893398e-13
15.48378335634754	-1.762307399066343e-13
15.62166325713411	-1.190193478584179e-13
15.75954315792069	-8.018981957004744e-14
15.89742305870727	-5.391243154087403e-14
16.03530295949385	-3.617527266752443e-14
16.17318286028042	-2.42314430210755e-14
16.311062761067	-1.620557121575819e-14
16.44894266185358	-1.082296115356481e-14
16.58682256264015	-7.219130835194777e-15
16.72470246342673	-4.810028993489378e-15
16.8625823642133	-3.20171610434549e-15
17.00046226499988	-2.129344930913677e-15
17.13834216578645	-1.415060408858463e-15
17.27622206657303	-9.397572280377825e-16
17.41410196735961	-6.237300478751095e-16
17.55198186814618	-4.137668663750821e-16
17.68986176893276	-2.743555833046996e-16
17.82774166971933	-1.818452515669087e-16
17.96562157050591	-1.20485575189962e-16
18.10350147129249	-7.980657544786727e-17
18.24138137207906	-5.284729780710659e-17
18.37926127286564	-3.498716054491003e-17
18.51714117365221	-2.315807797854531e-17
18.65502107443879	-1.532576526997163e-17
18.79290097522536	-1.014076589461779e-17
18.93078087601194	-6.709089584074092e-18
19.06866077679852	-4.438144320151677e-18
19.20654067758509	-2.935604494465255e-18
19.34442057837167	-1.941560411661974e-18
19.48230047915824	-1.284024319810059e-18
19.62018037994482	-8.491064336299543e-19
19.7580602807314	-5.614719945761712e-19
19.89594018151797	-3.71251021634895e-19
20.03382008230455	-2.454654895315516e-19
20.17169998309112	-1.622901462036712e-19
20.3095798838777	-1.072955538191614e-19
20.44745978466428	-7.09339667894372e-20
20.58533968545085	-4.689409215411209e-20
20.72321958623743	-3.100044983361903e-20
20.861099487024	-2.0493297863239e-20
20.99897938781058	-1.354702590537023e-20
21.13685928859715	-8.955132953259216e-21
21.27473918938373	-5.919568786451311e-21
21.41261909017031	-3.912961259202134e-21
21.55049899095688	-2.586498625421198e-21
21.68837889174346	-1.709690496613734e-21
21.82625879253003	-1.130094896894643e-21
21.96413869331661	-7.469846647869284e-22
22.10201859410319	-4.937434243885478e-22
22.23989849488976	-3.263554862529541e-22
22.37777839567634	-2.157117914891801e-22
22.51565829646291	-1.42579551193407e-22
22.65353819724949	-9.423979711708138e-23
22.79141809803606	-6.228911259492716e-23
22.92929799882264	-4.117029187286705e-23
23.06717789960922	-2.721176230045437e-23
23.20505780039579	-1.79855436619268e-23
23.34293770118237	-1.18875276255992e-23
23.48081760196894	-7.856946615426129e-24
23.61869750275552	-5.192986889837833e-24
23.7565774035421	-3.43221916493405e-24
23.89445730432867	-2.268475064259551e-24
24.03233720511525	-1.499296062478859e-24
24.17021710590182	-9.909278229289327e-25
24.3080970066884	-6.549241994045388e-25
24.44597690747498	-4.328538432485706e-25
24.58385680826155	-2.860789431252694e-25
24.72173670904813	-1.890739533125294e-25
24.8596166098347	-1.249602408862289e-25
24.99749651062128	-8.258727880201114e-26
25.13537641140785	-5.458191167548329e-26
25.27325631219443	-3.607326274952103e-26
25.41113621298101	-2.384055295844419e-26
25.54901611376758	-1.575608267890539e-26
25.68689601455416	-1.04129627673355e-26
25.82477591534073	-6.881788657677088e-27
25.96265581612731	-4.548020336921492e-27
26.10053571691389	-3.005690912119926e-27
26.23841561770046	-1.98637016056624e-27
26.37629551848704	-1.312734184919453e-27
26.51417541927361	-8.675354646906815e-28
26.65205532006019	-5.733216229124504e-28
26.78993522084676	-3.788812569825735e-28
26.92781512163334	-2.503850751734099e-28
27.06569502241992	-1.654654557762344e-28
27.20357492320649	-1.093469408746496e-28
27.34145482399307	-7.226023884510089e-29
27.47933472477964	-4.775209543807693e-29
27.61721462556622	-3.15557723237842e-29
27.7550945263528	-2.085284541646563e-29
27.89297442713937	-1.377986642654479e-29
28.03085432792595	-9.105937977706271e-30
28.16873422871252	-6.017241017071584e-30
28.3066141294991	-3.976216419693294e-30
28.44449403028568	-2.627456061182584e-30
28.58237393107225	-1.736204806057442e-30
28.72025383185883	-1.147253728539546e-30
28.8581337326454	-7.580810819932883e-31
28.99601363343198	-5.009134142338475e-31
29.13389353421855	-3.309870516350345e-31
29.27177343500513	-2.187025498064693e-31
29.40965333579171	-1.445093255742903e-31
29.54753323657828	-9.548388457859205e-32
29.68541313736486	-6.309046315163813e-32
29.82329303815143	-4.168595293879055e-32
29.96117293893801	-2.75432407354941e-32
30.09905283972459	-1.819837750620941e-32
30.23693274051116	-1.202401567183518e-32
30.37481264129774	-7.944353968285122e-33
30.51269254208431	-5.248886776495058e-33
30.65057244287089	-3.467915410699553e-33
30.78845234365746	-2.291219459315231e-33
30.92633224444404	-1.513753142409096e-33
31.06421214523062	-1.000107875671529e-33
31.20209204601719	-6.607469303709447e-34
31.33997194680377	-4.365368759879041e-34
31.47785184759034	-2.884012732210049e-34
31.61573174837692	-1.905345516743224e-34
31.7536116491635	-1.258767965148985e-34
31.89149154995007	-8.315950612706638e-35
32.02937145073665	-5.49384464251275e-35
32.16725135152323	-3.629543504629417e-35
