0
200	1777.03	100000000000000.1
5	0	0	1
5	0	0	0
7.544582441876986	-0.126229224218039
7.668349904834578	-0.07953485128287348
7.79211736779217	-0.06025982129710272
7.915884830749762	-0.04805944048033944
8.039652293707356	-0.03966921869917393
8.163419756664949	-0.03327233493780658
8.287187219622542	-0.02820091136072144
8.410954682580135	-0.02407820460489245
8.534722145537728	-0.02066409326919667
8.658489608495321	-0.01780260541579446
8.782257071452914	-0.01538272798467718
8.906024534410507	-0.01332223747497053
9.0297919973681	-0.01155857069922354
9.153559460325694	-0.01004283144168245
9.277326923283287	-0.008735984022052815
9.40109438624088	-0.007606432795890157
9.524861849198473	-0.006628101346290615
9.648629312156066	-0.005779395512190027
9.772396775113659	-0.005042137492847134
9.896164238071252	-0.004400954147203544
10.01993170102885	-0.003842853650799231
10.14369916398644	-0.003356645330962706
10.26746662694403	-0.002932815320788535
10.39123408990162	-0.002563157000748259
10.51500155285922	-0.00224055756773419
10.63876901581681	-0.001958960160379641
10.7625364787744	-0.00171301184809407
10.886303941732	-0.001498179094098323
11.01007140468959	-0.001310419595740003
11.13383886764718	-0.001146307850640243
11.25760633060478	-0.001002837277309995
11.38137379356237	-0.0008773604796246805
11.50514125651996	-0.0007676472299697254
11.62890871947756	-0.0006716593198378924
11.75267618243515	-0.0005877025456737838
11.87644364539274	-0.0005142146156137708
12.00021110835034	-0.0004499336941619075
12.12397857130793	-0.0003936649966155399
12.24774603426552	-0.0003444135346614034
12.37151349722311	-0.0003012721288521106
12.49528096018071	-0.0002634766086301178
12.6190484231383	-0.0002303555316344476
12.74281588609589	-0.0002013256030267633
12.86658334905349	-0.0001758785758370719
12.99035081201108	-0.0001535710845370521
13.11411827496867	-0.0001340160171982984
13.23788573792627	-0.0001168749813449505
13.36165320088386	-0.000101852027623587
13.48542066384145	-8.868804992870347e-05
13.60918812679905	-7.715610949002825e-05
13.73295558975664	-6.705728038452765e-05
13.85672305271423	-5.82171160753797e-05
13.98049051567182	-5.048255680596171e-05
14.10425797862942	-4.371923110623295e-05
14.22802544158701	-3.780914688688421e-05
14.3517929045446	-3.264862064286166e-05
14.4755603675022	-2.814652852971568e-05
14.59932783045979	-2.422275542009367e-05
14.72309529341738	-2.08068240277132e-05
14.84686275637498	-1.7836726681353e-05
14.97063021933257	-1.525787608027017e-05
15.09439768229016	-1.302219953312847e-05
15.21816514524776	-1.108735174745166e-05
15.34193260820535	-9.416004700173862e-06
15.46570007116294	-7.975251827605873e-06
15.58946753412054	-6.736069426216579e-06
15.71323499707813	-5.672850245868857e-06
15.83700246003572	-4.763003795430076e-06
15.96076992299331	-3.986595367363962e-06
16.08453738595091	-3.326040802020492e-06
16.2083048489085	-2.765833828465075e-06
16.33207231186609	-2.292315521715412e-06
16.45583977482368	-1.893463451417798e-06
16.57960723778127	-1.558716614694229e-06
16.70337470073886	-1.278814336867637e-06
16.82714216369645	-1.045657210128972e-06
16.95090962665405	-8.521845762621414e-07
17.07467708961164	-6.922610112855718e-07
17.19844455256923	-5.605778361850837e-07
17.32221201552682	-4.525607554959219e-07
17.44597947848441	-3.642879613268464e-07
17.569746941442	-2.924130201315309e-07
17.69351440439959	-2.340962106310318e-07
17.81728186735718	-1.869399918013252e-07
17.94104933031478	-1.48931680769769e-07
18.06481679327237	-1.183903693708948e-07
18.18858425622996	-9.391989572417721e-08
18.31235171918755	-7.436643636510611e-08
18.43611918214514	-5.878134923293159e-08
18.55988664510273	-4.638810275992171e-08
18.68365410806032	-3.655433639406175e-08
18.80742157101792	-2.876675756904178e-08
18.93118903397551	-2.261086860432297e-08
19.0549564969331	-1.775273114299766e-08
19.17872395989069	-1.392458074003193e-08
19.30249142284828	-1.091210099695382e-08
19.42625888580587	-8.544448090687635e-09
19.55002634876346	-6.685638764833306e-09
19.67379381172105	-5.2277880760289e-09
19.79756127467865	-4.085426803374857e-09
19.92132873763624	-3.191010499274976e-09
20.04509620059383	-2.491226590706811e-09
20.16886366355142	-1.944081096720602e-09
20.29263112650901	-1.516525387691152e-09
20.4163985894666	-1.182598255914656e-09
20.54016605242419	-9.219157498235859e-10
20.66393351538179	-7.184985369648137e-10
20.78770097833938	-5.598254757779636e-10
20.91146844129697	-4.360967651825311e-10
21.03523590425456	-3.396449999774673e-10
21.15900336721215	-2.644776303070236e-10
21.28277083016974	-2.059115140593109e-10
21.40653829312733	-1.602904586245871e-10
21.53030575608492	-1.247599227872062e-10
21.65407321904252	-9.709318947375407e-11
21.77784068200011	-7.555312570671269e-11
21.9016081449577	-5.87855811367312e-11
22.02537560791529	-4.573478601819011e-11
22.14914307087288	-3.557818125983976e-11
22.27291053383047	-2.767484243843035e-11
22.39667799678806	-2.152540703991514e-11
22.52044545974566	-1.674117344395662e-11
22.64421292270325	-1.301936512531884e-11
22.76798038566084	-1.012430824890541e-11
22.89174784861843	-7.87250970743791e-12
23.01551531157602	-6.121180801505089e-12
23.13928277453361	-4.759174879833317e-12
23.2630502374912	-3.700020333798829e-12
23.38681770044879	-2.876422030593954e-12
23.51058516340639	-2.23603429838492e-12
23.63435262636398	-1.73812692755672e-12
23.75812008932157	-1.351023142318577e-12
23.88188755227916	-1.050079333774747e-12
24.00565501523675	-8.161315639524342e-13
24.12942247819434	-6.342739703841248e-13
24.25318994115193	-4.929159492234522e-13
24.37695740410953	-3.830430040630282e-13
24.50072486706712	-2.976471214765747e-13
24.62449233002471	-2.312782727814548e-13
24.7482597929823	-1.796996847235911e-13
24.87202725593989	-1.396171465779083e-13
24.99579471889748	-1.084699759144321e-13
25.11956218185507	-8.426730837885438e-14
25.24332964481266	-6.546180219881419e-14
25.36709710777026	-5.085047738361223e-14
25.49086457072785	-3.949858785621341e-14
25.61463203368544	-3.067930206332838e-14
25.73839949664303	-2.382806569995345e-14
25.86216695960062	-1.850586783956194e-14
25.98593442255821	-1.43717078874443e-14
26.1097018855158	-1.116052456589604e-14
26.2334693484734	-8.666399303796197e-15
26.35723681143099	-6.72929633470898e-15
26.48100427438858	-5.224894272748978e-15
26.60477173734617	-4.056598252033947e-15
26.72853920030376	-3.149363679560021e-15
26.85230666326135	-2.444891360473768e-15
26.97607412621894	-1.897893694499896e-15
27.09984158917653	-1.473192012653372e-15
27.22360905213413	-1.143461365291928e-15
27.34737651509172	-8.87478361121012e-16
27.47114397804931	-6.887597585932104e-16
27.5949114410069	-5.345037656172336e-16
27.71867890396449	-4.147687562426426e-16
27.84244636692208	-3.218344278094939e-16
27.96621382987967	-2.497062792983983e-16
28.08998129283727	-1.937292873264874e-16
28.21374875579486	-1.502894230930782e-16
28.33751621875245	-1.165808509815238e-16
28.46128368171004	-9.042511511574453e-17
28.58505114466763	-7.013116403997513e-17
28.70881860762522	-5.438626931845679e-17
28.83258607058281	-4.217150859312656e-17
28.9563535335404	-3.269600123167576e-17
29.080120996498	-2.53458987231046e-17
29.20388845945559	-1.9644850999831e-17
29.32765592241318	-1.522316502205761e-17
29.45142338537077	-1.179397358264175e-17
29.57519084832836	-9.134678834968155e-18
29.69895831128595	-7.072569985322099e-18
29.82272577424354	-5.473651716786443e-18
29.94649323720114	-4.233969489535253e-18
30.07026070015873	-3.272880613871675e-18
30.19402816311632	-2.527829368628351e-18
30.31779562607391	-1.950297143358171e-18
30.4415630890315	-1.502651101588123e-18
30.56533055198909	-1.155706035043016e-18
30.68909801494668	-8.868289940008625e-19
30.81286547790427	-6.784695282060755e-19
30.93663294086187	-5.17018908138058e-19
31.06040040381946	-3.919262401773915e-19
31.18416786677705	-2.950115839095116e-19
31.30793532973464	-2.199336795906565e-19
31.43170279269223	-1.617770445484275e-19
31.55547025564982	-1.167315950336651e-19
31.67923771860741	-8.184439595924356e-20
31.80300518156501	-5.48268897713428e-20
31.9267726445226	-3.390575937865962e-20
32.05054010748019	-1.770681967432546e-20
32.17430757043778	-5.165112407555176e-21
0
200	1777.03	100000000000000.1
5	0	0	1
5	0	0	0
7.544582441876986	-0.0004090456784251158
7.668349904834578	-9.841263246937774e-05
7.79211736779217	-4.892292501214525e-05
7.915884830749762	-2.922469736411954e-05
8.039652293707356	-1.905646961400531e-05
8.163419756664949	-1.308026106097998e-05
8.287187219622542	-9.279371425558513e-06
8.410954682580135	-6.727903378555907e-06
8.534722145537728	-4.953298395444104e-06
8.658489608495321	-3.685475394628077e-06
8.782257071452914	-2.763827718673198e-06
8.906024534410507	-2.085142612941266e-06
9.0297919973681	-1.580391171553905e-06
9.153559460325694	-1.202140342678857e-06
9.277326923283287	-9.170179733804029e-07
9.40109438624088	-7.011064518750268e-07
9.524861849198473	-5.370086902103847e-07
9.648629312156066	-4.119301936283434e-07
9.772396775113659	-3.163693997815244e-07
9.896164238071252	-2.432230730760017e-07
10.01993170102885	-1.871465240122565e-07
10.14369916398644	-1.441018318944864e-07
10.26746662694403	-1.110250820107337e-07
10.39123408990162	-8.558551870428293e-08
10.51500155285922	-6.600484226364972e-08
10.63876901581681	-5.092408739800156e-08
10.7625364787744	-3.930256256071341e-08
10.886303941732	-3.0342520201195e-08
11.01007140468959	-2.343146319186709e-08
11.13383886764718	-1.809882010651569e-08
11.25760633060478	-1.398265214098161e-08
11.38137379356237	-1.080465432913127e-08
11.50514125651996	-8.350321485481632e-09
11.62890871947756	-6.454418279322936e-09
11.75267618243515	-4.989573056945156e-09
11.87644364539274	-3.857600874843084e-09
12.00021110835034	-2.982502010070318e-09
12.12397857130793	-2.306838864915391e-09
12.24774603426552	-1.784773293015294e-09
12.37151349722311	-1.381490096912934e-09
12.49528096018071	-1.069565564995028e-09
12.6190484231383	-8.282545534759108e-10
12.74281588609589	-6.414806134065402e-10
12.86658334905349	-4.968653845664246e-10
12.99035081201108	-3.848598202890106e-10
13.11411827496867	-2.98090488275739e-10
13.23788573792627	-2.308598053422611e-10
13.36165320088386	-1.787621373550053e-10
13.48542066384145	-1.383888517043887e-10
13.60918812679905	-1.071013989220875e-10
13.73295558975664	-8.285639747035769e-11
13.85672305271423	-6.407082249647813e-11
13.98049051567182	-4.951787687582062e-11
14.10425797862942	-3.824663061074642e-11
14.22802544158701	-2.951970996692655e-11
14.3517929045446	-2.276536011050399e-11
14.4755603675022	-1.754008120107961e-11
14.59932783045979	-1.349992548267346e-11
14.72309529341738	-1.037807419531952e-11
14.84686275637498	-7.967602579007364e-12
14.97063021933257	-6.107991509006744e-12
15.09439768229016	-4.674774625280998e-12
15.21816514524776	-3.571417985016976e-12
15.34193260820535	-2.723095683385139e-12
15.46570007116294	-2.071796500900338e-12
15.58946753412054	-1.572580405668499e-12
15.71323499707813	-1.190629127007945e-12
15.83700246003572	-8.989938309674017e-13
15.96076992299331	-6.768165733952188e-13
16.08453738595091	-5.079751352554171e-13
16.2083048489085	-3.800106440186691e-13
16.33207231186609	-2.833119642316024e-13
16.45583977482368	-2.104690833212325e-13
16.57960723778127	-1.557820830328533e-13
16.70337470073886	-1.148711177933295e-13
16.82714216369645	-8.438064018759125e-14
16.95090962665405	-6.174419583281673e-14
17.07467708961164	-4.500611911654016e-14
17.19844455256923	-3.267968837637081e-14
17.32221201552682	-2.363970741916496e-14
17.44597947848441	-1.703717190396808e-14
17.569746941442	-1.223472753439741e-14
17.69351440439959	-8.755603635571707e-15
17.81728186735718	-6.245121507683856e-15
17.94104933031478	-4.440444344993755e-15
18.06481679327237	-3.147907315949544e-15
18.18858425622996	-2.225372050221302e-15
18.31235171918755	-1.569106464450547e-15
18.43611918214514	-1.103692177478654e-15
18.55988664510273	-7.745913227824288e-16
18.68365410806032	-5.425001051349865e-16
18.80742157101792	-3.792346917142958e-16
18.93118903397551	-2.646453612553683e-16
19.0549564969331	-1.843910209215128e-16
19.17872395989069	-1.282901323866394e-16
19.30249142284828	-8.914308722104852e-17
19.42625888580587	-6.186898021105495e-17
19.55002634876346	-4.289467391049308e-17
19.67379381172105	-2.971120242874254e-17
19.79756127467865	-2.056220836527989e-17
19.92132873763624	-1.421953321056385e-17
20.04509620059383	-9.826655304087056e-18
20.16886366355142	-6.786678547540229e-18
20.29263112650901	-4.684599639304765e-18
20.4163985894666	-3.232002602097241e-18
20.54016605242419	-2.228855478215316e-18
20.66393351538179	-1.536450059949459e-18
20.78770097833938	-1.058775491023365e-18
20.91146844129697	-7.293725340189244e-19
21.03523590425456	-5.023123525528717e-19
21.15900336721215	-3.458478438760552e-19
21.28277083016974	-2.380668593971841e-19
21.40653829312733	-1.63840244075372e-19
21.53030575608492	-1.127362335071527e-19
21.65407321904252	-7.755873030682254e-20
21.77784068200011	-5.334991328591201e-20
21.9016081449577	-3.669220522872053e-20
22.02537560791529	-2.523254605806685e-20
22.14914307087288	-1.734983477238183e-20
22.27291053383047	-1.192849334696747e-20
22.39667799678806	-8.200315940215093e-21
22.52044545974566	-5.636874186353824e-21
22.64421292270325	-3.874420634627565e-21
22.76798038566084	-2.66282823927446e-21
22.89174784861843	-1.829973206263357e-21
23.01551531157602	-1.257529716007998e-21
23.13928277453361	-8.64092897847504e-22
23.2630502374912	-5.93714385428473e-22
23.38681770044879	-4.079115016438889e-22
23.51058516340639	-2.802409142971367e-22
23.63435262636398	-1.925175354685951e-22
23.75812008932157	-1.322476346288031e-22
23.88188755227916	-9.084061973110611e-23
24.00565501523675	-6.239535873193122e-23
24.12942247819434	-4.285485072283646e-23
24.25318994115193	-2.943259889728838e-23
24.37695740410953	-2.02131256096447e-23
24.50072486706712	-1.388096718576888e-23
24.62449233002471	-9.531967366616436e-24
24.7482597929823	-6.545263978011532e-24
24.87202725593989	-4.494161209479484e-24
24.99579471889748	-3.085687936575923e-24
25.11956218185507	-2.118518203591178e-24
25.24332964481266	-1.454434795921171e-24
25.36709710777026	-9.984655053981168e-25
25.49086457072785	-6.854150966678001e-25
25.61463203368544	-4.704905276168679e-25
25.73839949664303	-3.229458730031868e-25
25.86216695960062	-2.216588068042847e-25
25.98593442255821	-1.521323065614156e-25
26.1097018855158	-1.044080119091878e-25
26.2334693484734	-7.165181895838773e-26
26.35723681143099	-4.916955701920669e-26
26.48100427438858	-3.374006235916299e-26
26.60477173734617	-2.315104534329391e-26
26.72853920030376	-1.588456912020608e-26
26.85230666326135	-1.089820507935448e-26
26.97607412621894	-7.476774447538624e-27
27.09984158917653	-5.129179438324679e-27
27.22360905213413	-3.518525445255532e-27
27.34737651509172	-2.413499303565967e-27
27.47114397804931	-1.65543532203424e-27
27.5949114410069	-1.135403640448552e-27
27.71867890396449	-7.786931227220431e-28
27.84244636692208	-5.340166912547714e-28
27.96621382987967	-3.662022566735903e-28
28.08998129283727	-2.511072661699546e-28
28.21374875579486	-1.721766401749228e-28
28.33751621875245	-1.180484296213201e-28
28.46128368171004	-8.093241124267527e-29
28.58505114466763	-5.548241469172399e-29
28.70881860762522	-3.803328139890837e-29
28.83258607058281	-2.607006431567822e-29
28.9563535335404	-1.786880099218415e-29
29.080120996498	-1.224666863617633e-29
29.20388845945559	-8.392950802632155e-30
29.32765592241318	-5.751481725464009e-30
29.45142338537077	-3.941108554652231e-30
29.57519084832836	-2.700379520888157e-30
29.69895831128595	-1.850136840127073e-30
29.82272577424354	-1.267504995469368e-30
29.94649323720114	-8.682958648493232e-31
30.07026070015873	-5.947741726465542e-31
30.19402816311632	-4.073875215564038e-31
30.31779562607391	-2.790157003617772e-31
30.4415630890315	-1.910820995614127e-31
30.56533055198909	-1.308506335079749e-31
30.68909801494668	-8.959864947208562e-32
30.81286547790427	-6.134665464043434e-32
30.93663294086187	-4.200000051028911e-32
31.06040040381946	-2.875216940298777e-32
31.18416786677705	-1.968158019096711e-32
31.30793532973464	-1.347135232510405e-32
31.43170279269223	-9.219977093832464e-33
31.55547025564982	-6.30971507788395e-33
31.67923771860741	-4.317730881362805e-33
31.80300518156501	-2.95435680581206e-33
31.9267726445226	-2.021299660811802e-33
32.05054010748019	-1.382809595056649e-33
32.17430757043778	-9.45952882366245e-34
