0
200	0.510998902	100000000000000.1
5	0	0	1
5	0	0	0
-0.5891188896601621	-599140.5386521905
-0.4245809939630353	-363742.5223618971
-0.2600430982659084	-265243.6109363553
-0.09550520256878162	-204009.6086968019
0.0690326931283452	-160769.0902767703
0.233570588825472	-129100.8948700155
0.3981084845225988	-104678.6284657641
0.5626463802197257	-85430.6429082809
0.7271842759168525	-70025.67787117268
0.8917221716139794	-57579.60553330662
1.056260067311106	-47458.90775021647
1.220797963008233	-39238.83743973661
1.38533585870536	-32393.20669468941
1.549873754402487	-26806.56967058928
1.714411650099614	-22199.08003604723
1.87894954579674	-18395.97927503438
2.043487441493867	-15238.85153275887
2.208025337190994	-12647.93061961691
2.372563232888121	-10499.4508666503
2.537101128585248	-8706.46754707089
2.701639024282374	-7226.331010460372
2.866176919979501	-5997.066332829068
3.030714815676628	-4978.957025850069
3.195252711373755	-4129.623382669132
3.359790607070882	-3431.58974655727
3.524328502768009	-2848.18674103283
3.688866398465136	-2362.584863231431
3.853404294162262	-1958.134845671295
4.017942189859389	-1621.244326570739
4.182480085556516	-1340.650411457573
4.347017981253642	-1107.005408219239
4.511555876950768	-912.5379217638329
4.676093772647895	-750.7822676087659
4.840631668345021	-616.3516388578539
5.005169564042148	-504.7527676402659
5.169707459739274	-412.2337333369896
5.3342453554364	-335.6594386187347
5.498783251133527	-272.4061216422987
5.663321146830653	-220.2768044302819
5.82785904252778	-177.4293962439803
5.992396938224906	-142.3184173816492
6.156934833922032	-113.6458882700513
6.321472729619159	-90.32130827732229
6.486010625316285	-71.42788361720753
6.650548521013412	-56.19511813599144
6.815086416710538	-43.97557935590206
6.979624312407664	-34.22604866894302
7.144162208104791	-26.49146741139936
7.308700103801917	-20.39186638532269
7.473237999499044	-15.61100499422649
7.63777589519617	-11.88709933135083
7.802313790893296	-9.004538554232218
7.966851686590423	-6.787042848416343
8.13138958228755	-5.091440307676774
8.295927477984677	-3.802500717931165
8.460465373681803	-2.828135501091331
8.625003269378929	-2.095433160653466
8.789541165076056	-1.547151200823561
8.954079060773182	-1.138724089938501
9.118616956470309	-0.8357347990395323
9.283154852167435	-0.6118062569776052
9.447692747864561	-0.4468665928439798
9.612230643561688	-0.3257426890892656
9.776768539258814	-0.2370329677395581
9.941306434955941	-0.1722166150184918
10.10584433065307	-0.1249564700718749
10.27038222635019	-0.09055990737265435
10.43492012204732	-0.06556530965918174
10.59945801774445	-0.04742776481895298
10.76399591344157	-0.03428180611515522
10.9285338091387	-0.02476354301467554
11.09307170483583	-0.01787802387568404
11.25760960053295	-0.01290084850865819
11.42214749623008	-0.009305479865333916
11.5866853919272	-0.006709755394759237
11.75122328762433	-0.004836643456271147
11.91576118332146	-0.003485539131491284
12.08029907901858	-0.002511311713021178
12.24483697471571	-0.001809047891457622
12.40937487041284	-0.001302957412687206
12.57391276610996	-0.0009383208488365406
12.73845066180709	-0.0006756506788875795
12.90298855750422	-0.0004864635278425302
13.06752645320134	-0.0003502207860615345
13.23206434889847	-0.0002521172708401857
13.3966022445956	-0.0001814834166715079
13.56114014029272	-0.0001306318165059486
13.72567803598985	-9.40247142489195e-05
13.89021593168697	-6.767356563031774e-05
14.0547538273841	-4.870600536832017e-05
14.21929172308123	-3.505375941507935e-05
14.38382961877835	-2.522766782983672e-05
14.54836751447548	-1.815564731186127e-05
14.71290541017261	-1.306591554372644e-05
14.87744330586973	-9.402921531020757e-06
15.04198120156686	-6.766774869640423e-06
15.20651909726399	-4.869650531205458e-06
15.37105699296111	-3.504386583291214e-06
15.53559488865824	-2.521886003199529e-06
15.70013278435536	-1.814843464729225e-06
15.86467068005249	-1.306033795715419e-06
16.02920857574962	-9.398800263642143e-07
16.19374647144674	-6.763861521596556e-07
16.35828436714387	-4.867688811519867e-07
16.522822262841	-3.503148402816858e-07
16.68736015853812	-2.521179853262731e-07
16.85189805423525	-1.814516670345449e-07
17.01643594993238	-1.30596768712328e-07
17.1809738456295	-9.399855482014321e-08
17.34551174132663	-6.765975459966744e-08
17.51004963702376	-4.870391863762111e-08
17.67458753272088	-3.506112209868092e-08
17.83912542841801	-2.524183984784397e-08
18.00366332411513	-1.817418586758569e-08
18.16820121981226	-1.308681731568183e-08
18.33273911550939	-9.4246550277526e-09
18.49727701120651	-6.788247187545488e-09
18.66181490690364	-4.890127846480888e-09
18.82635280260077	-3.523419464124741e-09
18.99089069829789	-2.539235140412666e-09
19.15542859399502	-1.83041883453929e-09
19.31996648969215	-1.319848199308513e-09
19.48450438538927	-9.520124014914059e-10
19.6490422810864	-6.869548473750136e-10
19.81358017678352	-4.959127437445978e-10
19.97811807248065	-3.581802142647373e-10
20.14265596817778	-2.588497647855874e-10
20.3071938638749	-1.871879977628588e-10
20.47173175957203	-1.354657971006888e-10
20.63626965526916	-9.811686586690363e-11
20.80080755096628	-7.113190128840154e-11
20.96534544666341	-5.162257796224256e-11
21.12988334236054	-3.750759133554701e-11
21.29442123805766	-2.728693957211322e-11
21.45895913375479	-1.987917972185646e-11
21.62349702945192	-1.450448758115599e-11
21.78803492514904	-1.060029220551285e-11
21.95257282084617	-7.760590434422342e-12
22.11711071654329	-5.692194896406366e-12
22.28164861224042	-4.183269928125828e-12
22.44618650793755	-3.080640377550063e-12
22.61072440363467	-2.273463124517732e-12
22.7752622993318	-1.681445317574573e-12
22.93980019502893	-1.246361494196009e-12
23.10433809072605	-9.259455851870976e-13
23.26887598642318	-6.894651251876885e-13
23.43341388212031	-5.145447579514959e-13
23.59795177781743	-3.8486444576238e-13
23.76248967351456	-2.885061960374354e-13
23.92702756921168	-2.167413942879564e-13
24.09156546490881	-1.631736750968651e-13
24.25610336060594	-1.230947218389023e-13
24.42064125630306	-9.304475052843238e-14
24.58517915200019	-7.046103377655514e-14
24.74971704769732	-5.345556539452242e-14
24.91425494339444	-4.062369829954167e-14
25.07879283909157	-3.092192270173538e-14
25.2433307347887	-2.357286400468799e-14
25.40786863048582	-1.799598354107123e-14
25.57240652618295	-1.375671213010766e-14
25.73694442188008	-1.052903538031972e-14
25.9014823175772	-8.067835640142593e-15
26.06602021327433	-6.188431885331176e-15
26.23055810897145	-4.751392189796154e-15
26.39509600466858	-3.651241694436003e-15
26.55963390036571	-2.808042401893131e-15
26.72417179606283	-2.161102041993552e-15
26.88870969175996	-1.664262471499133e-15
27.05324758745709	-1.282362862606439e-15
27.21778548315421	-9.885788834383096e-16
27.38232337885134	-7.624174410195737e-16
27.54686127454847	-5.882014721251518e-16
27.71139917024559	-4.53923481771379e-16
27.87593706594272	-3.503760274846335e-16
28.04047496163984	-2.704913254145401e-16
28.20501285733697	-2.088388883464249e-16
28.3695507530341	-1.612424415664889e-16
28.53408864873122	-1.244877466448504e-16
28.69862654442835	-9.609917438422795e-17
28.86316444012548	-7.416877181355437e-17
29.0277023358226	-5.72252646806249e-17
29.19224023151973	-4.41334937029261e-17
29.35677812721686	-3.401726609867467e-17
29.52131602291398	-2.620004688956341e-17
29.68585391861111	-2.015931796689704e-17
29.85039181430824	-1.549139808053371e-17
30.01492971000536	-1.188436946536965e-17
30.17946760570249	-9.097185364190201e-18
30.34400550139961	-6.943553456588879e-18
30.50854339709674	-5.279496054889161e-18
30.67308129279387	-3.993740323279589e-18
30.83761918849099	-3.000289054522773e-18
31.00215708418812	-2.232683080659713e-18
31.16669497988525	-1.639566919288474e-18
31.33123287558237	-1.181258908740669e-18
31.4957707712795	-8.271003359012818e-19
31.66030866697663	-5.534051425298359e-19
31.82484656267375	-3.418759265882648e-19
31.98938445837088	-1.783780390562591e-19
32.15392235406801	-5.199238865742533e-20
0
200	0.510998902	100000000000000.1
5	0	0	1
5	0	0	0
-0.5891188896601621	-5242051.684664619
-0.4245809939630353	-1233411.485833321
-0.2600430982659084	-591112.4646836148
-0.09550520256878162	-336474.8788998516
0.0690326931283452	-207275.3160249739
0.233570588825472	-133514.3163200925
0.3981084845225988	-88310.89203591926
0.5626463802197257	-59510.2937437498
0.7271842759168525	-40585.44259438077
0.8917221716139794	-27911.56640780516
1.056260067311106	-19310.1169124349
1.220797963008233	-13417.26636464982
1.38533585870536	-9352.380553992292
1.549873754402487	-6534.590321772272
1.714411650099614	-4574.004412792014
1.87894954579674	-3206.122229933068
2.043487441493867	-2249.728733491637
2.208025337190994	-1579.969183712448
2.372563232888121	-1110.336351629552
2.537101128585248	-780.7064173437111
2.701639024282374	-549.1616688272145
2.866176919979501	-386.3915218088577
3.030714815676628	-271.9105323856577
3.195252711373755	-191.4433273767757
3.359790607070882	-134.3848932317773
3.524328502768009	-95.20460001321371
3.688866398465136	-67.24607737012123
3.853404294162262	-47.51412197018291
4.017942189859389	-33.57225158806723
4.182480085556516	-23.71733722775247
4.347017981253642	-16.74948936213698
4.511555876950768	-11.82236732235524
4.676093772647895	-8.338388065217485
4.840631668345021	-5.875360285550653
5.005169564042148	-4.13478590780703
5.169707459739274	-2.905474368307976
5.3342453554364	-2.037958175488577
5.498783251133527	-1.426417005099725
5.663321146830653	-0.9959048289431508
5.82785904252778	-0.6933418347815264
5.992396938224906	-0.481132461354855
6.156934833922032	-0.3326545062628706
6.321472729619159	-0.2290628014318918
6.486010625316285	-0.1570256227707934
6.650548521013412	-0.1071197596081393
6.815086416710538	-0.07269286359847864
6.979624312407664	-0.04905621458130513
7.144162208104791	-0.03291215593765645
7.308700103801917	-0.02194755646686852
7.473237999499044	-0.01454532026150262
7.63777589519617	-0.009579473161436942
7.802313790893296	-0.006269763230489988
7.966851686590423	-0.004078453931997108
8.13138958228755	-0.002637253836648904
8.295927477984677	-0.001695589454620119
8.460465373681803	-0.001084274572582457
8.625003269378929	-0.0006898476749469118
8.789541165076056	-0.0004368399027910703
8.954079060773182	-0.0002754310346438985
9.118616956470309	-0.0001729789339344445
9.283154852167435	-0.0001082502837657351
9.447692747864561	-6.75274824577442e-05
9.612230643561688	-4.200481164448005e-05
9.776768539258814	-2.606310075499878e-05
9.941306434955941	-1.613583766942876e-05
10.10584433065307	-9.970433406341109e-06
10.27038222635019	-6.150355640660584e-06
10.43492012204732	-3.788313241166233e-06
10.59945801774445	-2.330427766323384e-06
10.76399591344157	-1.432005474537046e-06
10.9285338091387	-8.791006036248282e-07
11.09307170483583	-5.39231310435959e-07
11.25760960053295	-3.305248838833904e-07
11.42214749623008	-2.024740952974293e-07
11.5866853919272	-1.239676813088815e-07
11.75122328762433	-7.586717422028043e-08
11.91576118332146	-4.641235218555899e-08
12.08029907901858	-2.838388101470289e-08
12.24483697471571	-1.735357675233694e-08
12.40937487041284	-1.060725910450989e-08
12.57391276610996	-6.482302759802779e-09
12.73845066180709	-3.960778788770393e-09
12.90298855750422	-2.41973568930395e-09
13.06752645320134	-1.478090461351232e-09
13.23206434889847	-9.027921017111626e-10
13.3966022445956	-5.513599770785901e-10
13.56114014029272	-3.367046998340999e-10
13.72567803598985	-2.056055249713372e-10
13.89021593168697	-1.255440507346388e-10
14.0547538273841	-7.665439886905854e-11
14.21929172308123	-4.680158256083135e-11
14.38382961877835	-2.857388859232992e-11
14.54836751447548	-1.744478369543125e-11
14.71290541017261	-1.065004387920712e-11
14.87744330586973	-6.501719950920086e-12
15.04198120156686	-3.969152825050985e-12
15.20651909726399	-2.423043215915177e-12
15.37105699296111	-1.479175384806139e-12
15.53559488865824	-9.029717946301884e-13
15.70013278435536	-5.512209488535603e-13
15.86467068005249	-3.364921392149454e-13
16.02920857574962	-2.054106471869801e-13
16.19374647144674	-1.253921964733799e-13
16.35828436714387	-7.654538741286535e-14
16.522822262841	-4.672716558358323e-14
16.68736015853812	-2.852483945465132e-14
16.85189805423525	-1.741331792321546e-14
17.01643594993238	-1.063031505291658e-14
17.1809738456295	-6.489609483881164e-15
17.34551174132663	-3.961878134758231e-15
17.51004963702376	-2.41877692777067e-15
17.67458753272088	-1.47674456976737e-15
17.83912542841801	-9.016384982134017e-16
18.00366332411513	-5.505293463143037e-16
18.16820121981226	-3.361653210047795e-16
18.33273911550939	-2.052835000641863e-16
18.49727701120651	-1.253684929253236e-16
18.66181490690364	-7.657052255889182e-17
18.82635280260077	-4.677132932960306e-17
18.99089069829789	-2.857263218487287e-17
19.15542859399502	-1.745747441411723e-17
19.31996648969215	-1.066800924106087e-17
19.48450438538927	-6.520295255405352e-18
19.6490422810864	-3.986086754350968e-18
19.81358017678352	-2.43745587502292e-18
19.97811807248065	-1.490924420323635e-18
20.14265596817778	-9.122693088673111e-19
20.3071938638749	-5.584226411543302e-19
20.47173175957203	-3.419802661280489e-19
20.63626965526916	-2.095397181381072e-19
20.80080755096628	-1.284669151657999e-19
20.96534544666341	-7.881599012603986e-20
21.12988334236054	-4.839221948337646e-20
21.29442123805766	-2.973884544719039e-20
21.45895913375479	-1.829393767351943e-20
21.62349702945192	-1.126617370624135e-20
21.78803492514904	-6.946777069675732e-21
21.95257282084617	-4.289277410929734e-21
22.11711071654329	-2.65235495287505e-21
22.28164861224042	-1.642791134818628e-21
22.44618650793755	-1.019263708172106e-21
22.61072440363467	-6.335720532563168e-22
22.7752622993318	-3.945971569986728e-22
22.93980019502893	-2.462653340139684e-22
23.10433809072605	-1.540196949562836e-22
23.26887598642318	-9.653919653195172e-23
23.43341388212031	-6.064626922864485e-23
23.59795177781743	-3.818514179443155e-23
23.76248967351456	-2.409784803967027e-23
23.92702756921168	-1.52425946359976e-23
24.09156546490881	-9.66328960908913e-24
24.25610336060594	-6.140004442641215e-24
24.42064125630306	-3.910046440575458e-24
24.58517915200019	-2.49518669445566e-24
24.74971704769732	-1.595609261726819e-24
24.91425494339444	-1.022416584214559e-24
25.07879283909157	-6.563976134177635e-25
25.2433307347887	-4.22185177186762e-25
25.40786863048582	-2.720187366912355e-25
25.57240652618295	-1.755548071920018e-25
25.73694442188008	-1.134761429908093e-25
25.9014823175772	-7.345685401564374e-26
26.06602021327433	-4.761624208397136e-26
26.23055810897145	-3.09052168412702e-26
26.39509600466858	-2.008270289993351e-26
26.55963390036571	-1.306432073185026e-26
26.72417179606283	-8.507211442862213e-27
26.88870969175996	-5.544805086854992e-27
27.05324758745709	-3.616992473216227e-27
27.21778548315421	-2.361222066394964e-27
27.38232337885134	-1.542481918388912e-27
27.54686127454847	-1.008244628539813e-27
27.71139917024559	-6.593912385202351e-28
27.87593706594272	-4.314430691371376e-28
28.04047496163984	-2.824090512318493e-28
28.20501285733697	-1.849198080656724e-28
28.3695507530341	-1.211191303825884e-28
28.53408864873122	-7.934966312652858e-29
28.69862654442835	-5.199464428386726e-29
28.86316444012548	-3.407492130764839e-29
29.0277023358226	-2.233343924766427e-29
29.19224023151973	-1.463889740989237e-29
29.35677812721686	-9.595755385250287e-30
29.52131602291398	-6.290113596393033e-30
29.68585391861111	-4.123221080143679e-30
29.85039181430824	-2.702773622919565e-30
30.01492971000536	-1.77162714450685e-30
30.17946760570249	-1.161249554849475e-30
30.34400550139961	-7.611462236758237e-31
30.50854339709674	-4.988883359118013e-31
30.67308129279387	-3.269890218085313e-31
30.83761918849099	-2.143210238819999e-31
31.00215708418812	-1.404760157331671e-31
31.16669497988525	-9.207750146474808e-32
31.33123287558237	-6.035644611686165e-32
31.4957707712795	-3.956585175533601e-32
31.66030866697663	-2.59387383857982e-32
31.82484656267375	-1.700644139086523e-32
31.98938445837088	-1.115113956325696e-32
32.15392235406801	-7.312602073881106e-33
