0
200	105.658389	100000000000000.1
5	0	0	1
5	0	0	0
4.729151094994482	-2.042341191173056
4.86703099578106	-1.272003847856379
5.004910896567638	-0.9511481339944892
5.142790797354215	-0.7493235141273324
5.280670698140793	-0.6116380908874954
5.418550598927371	-0.5073386053526785
5.556430499713948	-0.42501683085565
5.694310400500526	-0.3585765556665876
5.832190301287103	-0.3040827260949854
5.970070202073681	-0.2588844934718706
6.107950102860259	-0.221048259339586
6.245830003646836	-0.1891931093604552
6.383709904433414	-0.1622541561704748
6.521589805219992	-0.139375908475512
6.659469706006569	-0.1198807608899774
6.797349606793147	-0.1032225351933896
6.935229507579725	-0.08895578351091747
7.073109408366302	-0.07671447776157389
7.21098930915288	-0.0661975421207974
7.348869209939457	-0.05714895490150802
7.486749110726035	-0.04935654928613879
7.624629011512613	-0.04264006739682868
7.76250891229919	-0.03684695746151565
7.900388813085768	-0.03184695213588759
8.038268713872345	-0.02752963398093575
8.176148614658922	-0.02379946223952898
8.3140285154455	-0.02057602436310443
8.451908416232078	-0.01778940681319552
8.589788317018655	-0.01537975213552244
8.727668217805233	-0.01329559594335993
8.865548118591811	-0.01149261727828456
9.003428019378388	-0.009932641826242646
9.141307920164966	-0.008582751079993551
9.279187820951543	-0.007414548666434688
9.417067721738121	-0.00640352105921668
9.554947622524699	-0.005528497132624761
9.692827523311276	-0.004771187898245345
9.830707424097854	-0.004115780679681796
9.968587324884432	-0.003548608497137671
10.10646722567101	-0.003057844774387511
10.24434712645759	-0.00263326271095622
10.38222702724416	-0.002266007110054924
10.52010692803074	-0.001948416934373959
10.65798682881732	-0.001673855681049348
10.7958667296039	-0.001436578311410626
10.93374663039048	-0.001231607148758488
11.07162653117705	-0.001054630465013091
11.20950643196363	-0.0009019114257347805
11.34738633275021	-0.0007702117349506446
11.48526623353679	-0.0006567235525758373
11.62314613432336	-0.0005590128476677928
11.76102603510994	-0.000474968335138966
11.89890593589652	-0.0004027590755538552
12.0367858366831	-0.0003407963023959148
12.17466573746967	-0.0002877015886203189
12.31254563825625	-0.0002422780774258518
12.45042553904283	-0.0002034866415919639
12.58830543982941	-0.0001704247291369289
12.72618534061598	-0.0001423080005680639
12.86406524140256	-0.0001184547880002756
13.00194514218914	-9.827244291042388e-05
13.13982504297572	-8.124554473044291e-05
13.27770494376229	-6.692598096433807e-05
13.41558484454887	-5.492399980225713e-05
13.55346474533545	-4.490095250837126e-05
13.69134464612203	-3.656267046064439e-05
13.82922454690861	-2.965398541494898e-05
13.96710444769518	-2.395394923540783e-05
14.10498434848176	-1.927163723611301e-05
14.24286424926834	-1.544255726984164e-05
14.38074415005492	-1.232546818299588e-05
14.51862405084149	-9.7996083797515e-06
14.65650395162807	-7.762183701569537e-06
14.79438385241465	-6.12616627333428e-06
14.93226375320123	-4.818281828096466e-06
15.0701436539878	-3.777198985292217e-06
15.20802355477438	-2.951917710200319e-06
15.34590345556096	-2.300279096354836e-06
15.48378335634754	-1.787668987797634e-06
15.62166325713411	-1.385835411151386e-06
15.75954315792069	-1.071869997887962e-06
15.89742305870727	-8.272997627640618e-07
16.03530295949385	-6.373185254940016e-07
16.17318286028042	-4.901174614248719e-07
16.311062761067	-3.763290092311801e-07
16.44894266185358	-2.885539628073885e-07
16.58682256264015	-2.209744383239198e-07
16.72470246342673	-1.690325630428819e-07
16.8625823642133	-1.291713353834128e-07
17.00046226499988	-9.862247757936693e-08
17.13834216578645	-7.523945675385164e-08
17.27622206657303	-5.736036674143114e-08
17.41410196735961	-4.370316426203106e-08
17.55198186814618	-3.327951683661595e-08
17.68986176893276	-2.533000104943216e-08
17.82774166971933	-1.927123747967813e-08
17.96562157050591	-1.465631408724229e-08
18.10350147129249	-1.114289503107823e-08
18.24138137207906	-8.469312910943032e-09
18.37926127286564	-6.435599746123149e-09
18.51714117365221	-4.889170756138226e-09
18.65502107443879	-3.713617776074354e-09
18.79290097522536	-2.820243207559171e-09
18.93078087601194	-2.141463749699865e-09
19.06866077679852	-1.625845613536379e-09
19.20654067758509	-1.234234484633522e-09
19.34442057837167	-9.368563937870635e-10
19.48230047915824	-7.110655566595979e-10
19.62018037994482	-5.396512683253235e-10
19.7580602807314	-4.095307232194481e-10
19.89594018151797	-3.10766558385956e-10
20.03382008230455	-2.358078859783465e-10
20.17169998309112	-1.789215096472183e-10
20.3095798838777	-1.357525702182279e-10
20.44745978466428	-1.029954484578766e-10
20.58533968545085	-7.813993269627649e-11
20.72321958623743	-5.928103130616314e-11
20.861099487024	-4.497242904677721e-11
20.99897938781058	-3.41167065451704e-11
21.13685928859715	-2.588090522947437e-11
21.27473918938373	-1.963277386311839e-11
21.41261909017031	-1.489280741010278e-11
21.55049899095688	-1.129701579736943e-11
21.68837889174346	-8.569288889203368e-12
21.82625879253003	-6.500086172755689e-12
21.96413869331661	-4.930468667214943e-12
22.10201859410319	-3.739825343377599e-12
22.23989849488976	-2.836676445069092e-12
22.37777839567634	-2.151606582213573e-12
22.51565829646291	-1.631968496543696e-12
22.65353819724949	-1.237814681918435e-12
22.79141809803606	-9.388486972723988e-13
22.92929799882264	-7.120834554536206e-13
23.06717789960922	-5.400852095216622e-13
23.20505780039579	-4.096276884300496e-13
23.34293770118237	-3.106795940025484e-13
23.48081760196894	-2.356305182823555e-13
23.61869750275552	-1.787091865679404e-13
23.7565774035421	-1.355370132552918e-13
23.89445730432867	-1.02793393109278e-13
24.03233720511525	-7.795934654021716e-14
24.17021710590182	-5.912451151293896e-14
24.3080970066884	-4.483968714353206e-14
24.44597690747498	-3.40058824254163e-14
24.58385680826155	-2.578936300718172e-14
24.72173670904813	-1.955798810175604e-14
24.8596166098347	-1.483207857604185e-14
24.99749651062128	-1.124804710263732e-14
25.13537641140785	-8.529957929481295e-15
25.27325631219443	-6.46863798558597e-15
25.41113621298101	-4.90539283066781e-15
25.54901611376758	-3.719896339663243e-15
25.68689601455416	-2.820868446013913e-15
25.82477591534073	-2.13909532017667e-15
25.96265581612731	-1.622081402206543e-15
26.10053571691389	-1.230014571566489e-15
26.23841561770046	-9.327016030066978e-16
26.37629551848704	-7.072450935484657e-16
26.51417541927361	-5.36280175330571e-16
26.65205532006019	-4.066379880433785e-16
26.78993522084676	-3.083317737282554e-16
26.92781512163334	-2.337882660384689e-16
27.06569502241992	-1.772641120744851e-16
27.20357492320649	-1.344040207201643e-16
27.34145482399307	-1.019051820171018e-16
27.47933472477964	-7.726322958024446e-17
27.61721462556622	-5.857885228887434e-17
27.7550945263528	-4.441191225739109e-17
27.89297442713937	-3.367036865240116e-17
28.03085432792595	-2.552608721122946e-17
28.16873422871252	-1.935115351331705e-17
28.3066141294991	-1.466942680208404e-17
28.44449403028568	-1.111987987628038e-17
28.58237393107225	-8.42875903842797e-18
28.72025383185883	-6.388483382243181e-18
28.8581337326454	-4.841679154341791e-18
28.99601363343198	-3.669014121154522e-18
29.13389353421855	-2.780007663018531e-18
29.27177343500513	-2.106052444042154e-18
29.40965333579171	-1.595134647987312e-18
29.54753323657828	-1.207820726068614e-18
29.68541313736486	-9.142130491406005e-19
29.82329303815143	-6.916445436740622e-19
29.96117293893801	-5.229298277727694e-19
30.09905283972459	-3.950408291318819e-19
30.23693274051116	-2.98100181289339e-19
30.37481264129774	-2.246199490880097e-19
30.51269254208431	-1.689237317566917e-19
30.65057244287089	-1.267084232742094e-19
30.78845234365746	-9.471165446800545e-20
30.92633224444404	-7.04603616043995e-20
31.06421214523062	-5.207994338034474e-20
31.20209204601719	-3.814946381324724e-20
31.33997194680377	-2.759180306959363e-20
31.47785184759034	-1.959047654585963e-20
31.61573174837692	-1.352665373522097e-20
31.7536116491635	-8.931281013559775e-21
31.89149154995007	-5.448860915238101e-21
32.02937145073665	-2.809920183297739e-21
32.16725135152323	-8.101668537380338e-22
0
200	105.658389	100000000000000.1
5	0	0	1
5	0	0	0
4.729151094994482	-0.09898825777836022
4.86703099578106	-0.02426113500872797
5.004910896567638	-0.01182550726766645
5.142790797354215	-0.006916574158342827
5.280670698140793	-0.004419810469705301
5.418550598927371	-0.002973653820824041
5.556430499713948	-0.002067182480828127
5.694310400500526	-0.001465435166819334
5.832190301287103	-0.00105334629276959
5.970070202073681	-0.0007646979839281419
6.107950102860259	-0.0005592807376298408
6.245830003646836	-0.0004111994196530193
6.383709904433414	-0.0003036367824687793
6.521589805219992	-0.0002250585859051708
6.659469706006569	-0.0001673240645389028
6.797349606793147	-0.0001247114298240389
6.935229507579725	-9.313938989859643e-05
7.073109408366302	-6.967424694648373e-05
7.21098930915288	-5.219098017414508e-05
7.348869209939457	-3.913850411356103e-05
7.486749110726035	-2.937761295139174e-05
7.624629011512613	-2.206834297769202e-05
7.76250891229919	-1.658858433387004e-05
7.900388813085768	-1.247656005362467e-05
8.038268713872345	-9.388318843120662e-06
8.176148614658922	-7.067661798884724e-06
8.3140285154455	-5.321879331493276e-06
8.451908416232078	-4.008722012934812e-06
8.589788317018655	-3.020337182167473e-06
8.727668217805233	-2.276123695025112e-06
8.865548118591811	-1.715583678598112e-06
9.003428019378388	-1.293266277957385e-06
9.141307920164966	-9.750120370568767e-07
9.279187820951543	-7.351297745286523e-07
9.417067721738121	-5.542891587081136e-07
9.554947622524699	-4.179393033881651e-07
9.692827523311276	-3.151231130607008e-07
9.830707424097854	-2.375870184209871e-07
9.968587324884432	-1.791120423892335e-07
10.10646722567101	-1.350111887254535e-07
10.24434712645759	-1.017511509203554e-07
10.38222702724416	-7.666793593073456e-08
10.52010692803074	-5.775255106294156e-08
10.65798682881732	-4.348982604687465e-08
10.7958667296039	-3.273682863795677e-08
10.93374663039048	-2.463136931515067e-08
11.07162653117705	-1.852298257133649e-08
11.20950643196363	-1.392091679415214e-08
11.34738633275021	-1.045488040683128e-08
11.48526623353679	-7.84550572527829e-09
11.62314613432336	-5.881978106979266e-09
11.76102603510994	-4.405267537324097e-09
11.89890593589652	-3.29538544757301e-09
12.0367858366831	-2.461837327363278e-09
12.17466573746967	-1.836360373692754e-09
12.31254563825625	-1.367488697131718e-09
12.45042553904283	-1.016413678845504e-09
12.58830543982941	-7.538905040671481e-10
12.72618534061598	-5.578782339611266e-10
12.86406524140256	-4.117792736094442e-10
13.00194514218914	-3.030943546355033e-10
13.13982504297572	-2.224207516219775e-10
13.27770494376229	-1.626856063328548e-10
13.41558484454887	-1.18576165772436e-10
13.55346474533545	-8.610306167818673e-11
13.69134464612203	-6.227627112507718e-11
13.82922454690861	-4.485636427713257e-11
13.96710444769518	-3.217028806751349e-11
14.10498434848176	-2.296973279581892e-11
14.24286424926834	-1.632638504984631e-11
14.38074415005492	-1.155131619666575e-11
14.51862405084149	-8.135418363534729e-12
14.65650395162807	-5.703562324786196e-12
14.79438385241465	-3.980769832015117e-12
14.93226375320123	-2.766227236962796e-12
15.0701436539878	-1.914156788091671e-12
15.20802355477438	-1.319194804643645e-12
15.34590345556096	-9.056801527484242e-13
15.48378335634754	-6.195354084272019e-13
15.62166325713411	-4.223661128248412e-13
15.75954315792069	-2.870400065206134e-13
15.89742305870727	-1.945075414679518e-13
16.03530295949385	-1.314525850364989e-13
16.17318286028042	-8.86231195774233e-14
16.311062761067	-5.961576922997368e-14
16.44894266185358	-4.002296973301095e-14
16.58682256264015	-2.682080195243338e-14
16.72470246342673	-1.794464731912663e-14
16.8625823642133	-1.19885522454228e-14
17.00046226499988	-7.999106011786569e-15
17.13834216578645	-5.331073099535029e-15
17.27622206657303	-3.549349880187597e-15
17.41410196735961	-2.360957230465351e-15
17.55198186814618	-1.569222473891389e-15
17.68986176893276	-1.042250522799427e-15
17.82774166971933	-6.918210370404918e-16
17.96562157050591	-4.589602474909594e-16
18.10350147129249	-3.043345737967114e-16
18.24138137207906	-2.017163341102049e-16
18.37926127286564	-1.336513782196858e-16
18.51714117365221	-8.852407789303243e-17
18.65502107443879	-5.861773817754422e-17
18.79290097522536	-3.880474927028459e-17
18.93078087601194	-2.568319464179702e-17
19.06866077679852	-1.699520911916658e-17
19.20654067758509	-1.124435032865258e-17
19.34442057837167	-7.43831939698891e-18
19.48230047915824	-4.919971186811293e-18
19.62018037994482	-3.253850934351764e-18
19.7580602807314	-2.151755581081288e-18
19.89594018151797	-1.422809772506458e-18
20.03382008230455	-9.407425145028703e-19
20.17169998309112	-6.21959191159823e-19
20.3095798838777	-4.111786127202158e-19
20.44745978466428	-2.718146342179606e-19
20.58533968545085	-1.796794172309688e-19
20.72321958623743	-1.187688199158636e-19
20.861099487024	-7.850440397862409e-20
20.99897938781058	-5.188812023904474e-20
21.13685928859715	-3.429513842024917e-20
21.27473918938373	-2.266638819805976e-20
21.41261909017031	-1.498046260618381e-20
21.55049899095688	-9.900459921229184e-21
21.68837889174346	-6.543053622424296e-21
21.82625879253003	-4.324086795048309e-21
21.96413869331661	-2.857621145514189e-21
22.10201859410319	-1.888447343090563e-21
22.23989849488976	-1.247965101318931e-21
22.37777839567634	-8.246902143651354e-22
22.51565829646291	-5.449759197146381e-22
22.65353819724949	-3.601266395621258e-22
22.79141809803606	-2.379752484787272e-22
22.92929799882264	-1.572534704967937e-22
23.06717789960922	-1.039124707616412e-22
23.20505780039579	-6.866371900060626e-23
23.34293770118237	-4.537182143645127e-23
23.48081760196894	-2.998040734783347e-23
23.61869750275552	-1.981017223861183e-23
23.7565774035421	-1.308975505888419e-23
23.89445730432867	-8.649167177037695e-24
24.03233720511525	-5.714913630032202e-24
24.17021710590182	-3.776109632709952e-24
24.3080970066884	-2.495009127999695e-24
24.44597690747498	-1.648538994177651e-24
24.58385680826155	-1.089228269154256e-24
24.72173670904813	-7.196777709435179e-25
24.8596166098347	-4.754992213457985e-25
24.99749651062128	-3.141672937209923e-25
25.13537641140785	-2.07570000243135e-25
25.27325631219443	-1.371410755068873e-25
25.41113621298101	-9.060723233531523e-26
25.54901611376758	-5.986285434256946e-26
25.68689601455416	-3.954979178828318e-26
25.82477591534073	-2.612943986256981e-26
25.96265581612731	-1.72626745308031e-26
26.10053571691389	-1.14047306544747e-26
26.23841561770046	-7.53449073202177e-27
26.37629551848704	-4.97761812535806e-27
26.51417541927361	-3.28837234430753e-27
26.65205532006019	-2.172396183577272e-27
26.78993522084676	-1.435121369566408e-27
26.92781512163334	-9.480618428589843e-28
27.06569502241992	-6.262908270920159e-28
27.20357492320649	-4.137268171716758e-28
27.34145482399307	-2.733017599308499e-28
27.47933472477964	-1.805382479629283e-28
27.61721462556622	-1.192578399091338e-28
27.7550945263528	-7.877754625311813e-29
27.89297442713937	-5.20365650850187e-29
28.03085432792595	-3.437259732954406e-29
28.16873422871252	-2.270421491008446e-29
28.3066141294991	-1.499677759591116e-29
28.44449403028568	-9.905570342265718e-30
28.58237393107225	-6.542720271396748e-30
28.72025383185883	-4.321428389366023e-30
28.8581337326454	-2.854244414234166e-30
28.99601363343198	-1.885136495680937e-30
29.13389353421855	-1.245066883584408e-30
29.27177343500513	-8.223064654123025e-31
29.40965333579171	-5.430886031838281e-31
29.54753323657828	-3.586710847439478e-31
29.68541313736486	-2.368743432617433e-31
29.82329303815143	-1.56432984456031e-31
29.96117293893801	-1.033080711587324e-31
30.09905283972459	-6.822262844748087e-32
30.23693274051116	-4.505241407102894e-32
30.37481264129774	-2.975060524425458e-32
30.51269254208431	-1.964566700237539e-32
30.65057244287089	-1.297250489769654e-32
30.78845234365746	-8.565984990834642e-33
30.92633224444404	-5.6561390156186e-33
31.06421214523062	-3.734708538739309e-33
31.20209204601719	-2.465925293694045e-33
31.33997194680377	-1.628167631205542e-33
31.47785184759034	-1.074995848370949e-33
31.61573174837692	-7.097518186635056e-34
31.7536116491635	-4.68590218259621e-34
31.89149154995007	-3.093613236645082e-34
32.02937145073665	-2.042351526019778e-34
32.16725135152323	-1.348350465402186e-34
