0
200	105.658389	100000000000000.1
5	0	0	1
5	0	0	0
4.729151094994482	-2.467010693663857
4.86703099578106	-1.536495032566193
5.004910896567638	-1.148922926278694
5.142790797354215	-0.9051323698285618
5.280670698140793	-0.7388176458429663
5.418550598927371	-0.6128308874745361
5.556430499713948	-0.5133917247708643
5.694310400500526	-0.4331363442841022
5.832190301287103	-0.3673114660154272
5.970070202073681	-0.3127150431954187
6.107950102860259	-0.2670114190331835
6.245830003646836	-0.2285325419551189
6.383709904433414	-0.1959920997003867
6.521589805219992	-0.1683567163668913
6.659469706006569	-0.1448078902570284
6.797349606793147	-0.1246858748422202
6.935229507579725	-0.1074525990718611
7.073109408366302	-0.09266592566062266
7.21098930915288	-0.07996217527727136
7.348869209939457	-0.06903209095601386
7.486749110726035	-0.05961938946156516
7.624629011512613	-0.05150633141024936
7.76250891229919	-0.04450864452925277
7.900388813085768	-0.03846897463465404
8.038268713872345	-0.03325394489220716
8.176148614658922	-0.02874814849795809
8.3140285154455	-0.02485445250553244
8.451908416232078	-0.02148840606607096
8.589788317018655	-0.01857770540373223
8.727668217805233	-0.01606018500334321
8.865548118591811	-0.01388230813021626
9.003428019378388	-0.01199796278249461
9.141307920164966	-0.01036738561910216
9.279187820951543	-0.008956275732633797
9.417067721738121	-0.007735022433070762
9.554947622524699	-0.006678052425577909
9.692827523311276	-0.005763273843163965
9.830707424097854	-0.004971586037062834
9.968587324884432	-0.004286480215675379
10.10646722567101	-0.003693670670939652
10.24434712645759	-0.00318080411600595
10.38222702724416	-0.002737184069165533
10.52010692803074	-0.002353556513193962
10.65798682881732	-0.00202190499930465
10.7958667296039	-0.001735289907405017
10.93374663039048	-0.001487698539069763
11.07162653117705	-0.001273922616977516
11.20950643196363	-0.001089448296651383
11.34738633275021	-0.0009303639345700701
11.48526623353679	-0.0007932778489085548
11.62314613432336	-0.0006752498940695426
11.76102603510994	-0.0005737297797531251
11.89890593589652	-0.0004865058544204865
12.0367858366831	-0.0004116589950305965
12.17466573746967	-0.0003475241544586865
12.31254563825625	-0.0002926556102766417
12.45042553904283	-0.0002457981667570517
12.58830543982941	-0.0002058616018584326
12.72618534061598	-0.0001718984862289368
12.86406524140256	-0.0001430854109412622
13.00194514218914	-0.0001187064964990444
13.13982504297572	-9.813914955789263e-05
13.27770494376229	-8.084208035144597e-05
13.41558484454887	-6.634449492263041e-05
13.55346474533545	-5.423732841732064e-05
13.69134464612203	-4.416524494419773e-05
13.82922454690861	-3.58200184205611e-05
13.96710444769518	-2.893475837103686e-05
14.10498434848176	-2.327884063447272e-05
14.24286424926834	-1.865356976691825e-05
14.38074415005492	-1.488833595726708e-05
14.51862405084149	-1.183726732704197e-05
14.65650395162807	-9.376195451559513e-06
14.79438385241465	-7.399996515409235e-06
14.93226375320123	-5.820160137265201e-06
15.0701436539878	-4.562602136868279e-06
15.20802355477438	-3.565717904997992e-06
15.34590345556096	-2.778582320347664e-06
15.48378335634754	-2.159383811945966e-06
15.62166325713411	-1.673995897820314e-06
15.75954315792069	-1.294746811030266e-06
15.89742305870727	-9.993224286512012e-07
16.03530295949385	-7.698378814309946e-07
16.17318286028042	-5.920289040080126e-07
16.311062761067	-4.545801127328413e-07
16.44894266185358	-3.485537646788199e-07
16.58682256264015	-2.669222478196191e-07
16.72470246342673	-2.041799586536184e-07
16.8625823642133	-1.560302786686513e-07
17.00046226499988	-1.19129314658751e-07
17.13834216578645	-9.088419939477679e-08
17.27622206657303	-6.928746209096494e-08
17.41410196735961	-5.279048075809426e-08
17.55198186814618	-4.019941628285394e-08
17.68986176893276	-3.059693629265085e-08
17.82774166971933	-2.327835771483524e-08
17.96562157050591	-1.770384088756474e-08
18.10350147129249	-1.345986715693364e-08
18.24138137207906	-1.023035991556473e-08
18.37926127286564	-7.773771302615726e-09
18.51714117365221	-5.905789173771154e-09
18.65502107443879	-4.485800301262558e-09
18.79290097522536	-3.406663956526474e-09
18.93078087601194	-2.5867440610681e-09
19.06866077679852	-1.963912059773253e-09
19.20654067758509	-1.490872176255826e-09
19.34442057837167	-1.131659459798142e-09
19.48230047915824	-8.589193271985862e-10
19.62018037994482	-6.518624053575885e-10
19.7580602807314	-4.946855457630471e-10
19.89594018151797	-3.753850828600125e-10
20.03382008230455	-2.848400523931318e-10
20.17169998309112	-2.161251390851719e-10
20.3095798838777	-1.639799661887472e-10
20.44745978466428	-1.244115681795174e-10
20.58533968545085	-9.438777832788378e-11
20.72321958623743	-7.160749497804551e-11
20.861099487024	-5.432366667428352e-11
20.99897938781058	-4.121068468383128e-11
21.13685928859715	-3.126239112240038e-11
21.27473918938373	-2.371506905626061e-11
21.41261909017031	-1.798950868017951e-11
21.55049899095688	-1.364603448755774e-11
21.68837889174346	-1.035112402087504e-11
21.82625879253003	-7.851666446180729e-12
21.96413869331661	-5.955674173978556e-12
22.10201859410319	-4.517457200300563e-12
22.23989849488976	-3.426514137962898e-12
22.37777839567634	-2.598995868690493e-12
22.51565829646291	-1.971308048684644e-12
22.65353819724949	-1.495196779818454e-12
22.79141809803606	-1.134066000885171e-12
22.92929799882264	-8.601488581487478e-13
23.06717789960922	-6.523865590071371e-13
23.20505780039579	-4.948026584953083e-13
23.34293770118237	-3.752800237836282e-13
23.48081760196894	-2.846257944453706e-13
23.61869750275552	-2.158686592115623e-13
23.7565774035421	-1.637195814827971e-13
23.89445730432867	-1.241674937165654e-13
24.03233720511525	-9.416963817877517e-14
24.17021710590182	-7.141842616529976e-14
24.3080970066884	-5.41633205934269e-14
24.44597690747498	-4.107681433211542e-14
24.58385680826155	-3.115181242963987e-14
24.72173670904813	-2.362473138538816e-14
24.8596166098347	-1.791615111120431e-14
24.99749651062128	-1.358688260235773e-14
25.13537641140785	-1.030361405563301e-14
25.27325631219443	-7.813678489595571e-15
25.41113621298101	-5.925383709999557e-15
25.54901611376758	-4.493383863006539e-15
25.68689601455416	-3.407418777366696e-15
25.82477591534073	-2.583882809894515e-15
25.96265581612731	-1.959364861003762e-15
26.10053571691389	-1.48577457156398e-15
26.23841561770046	-1.12664055998385e-15
26.37629551848704	-8.543043065039195e-16
26.51417541927361	-6.477902210393153e-16
26.65205532006019	-4.911912079228171e-16
26.78993522084676	-3.724439367238182e-16
26.92781512163334	-2.82400412243763e-16
27.06569502241992	-2.141230513918697e-16
27.20357492320649	-1.623509561970538e-16
27.34145482399307	-1.230945549364924e-16
27.47933472477964	-9.3328741967086e-17
27.61721462556622	-7.075927754504223e-17
27.7550945263528	-5.364657228332805e-17
27.89297442713937	-4.067151454434098e-17
28.03085432792595	-3.083377402271115e-17
28.16873422871252	-2.337487249242197e-17
28.3066141294991	-1.771966407206227e-17
28.44449403028568	-1.343205227077844e-17
28.58237393107225	-1.018136112176449e-17
28.72025383185883	-7.716846911141907e-18
28.8581337326454	-5.848412788619066e-18
28.99601363343198	-4.431913484295956e-18
29.13389353421855	-3.358054512560878e-18
29.27177343500513	-2.543962828805603e-18
29.40965333579171	-1.926809262641537e-18
29.54753323657828	-1.458960779089709e-18
29.68541313736486	-1.104303071816874e-18
29.82329303815143	-8.354558465464094e-19
29.96117293893801	-6.316603246709033e-19
30.09905283972459	-4.771794774545443e-19
30.23693274051116	-3.600821138654766e-19
30.37481264129774	-2.713233137414605e-19
30.51269254208431	-2.040463702895159e-19
30.65057244287089	-1.530534253136202e-19
30.78845234365746	-1.144037583851902e-19
30.92633224444404	-8.511007603644251e-20
31.06421214523062	-6.290798806140826e-20
31.20209204601719	-4.608110186944811e-20
31.33997194680377	-3.332833142596381e-20
31.47785184759034	-2.366342036358429e-20
31.61573174837692	-1.6338864937983e-20
31.7536116491635	-1.078808166859292e-20
31.89149154995007	-6.581655264826191e-21
32.02937145073665	-3.394081850671559e-21
32.16725135152323	-9.785920992093605e-22
0
200	105.658389	100000000000000.1
5	0	0	1
5	0	0	0
4.729151094994482	-0.1195711527250626
4.86703099578106	-0.02930581812953318
5.004910896567638	-0.01428441683173651
5.142790797354215	-0.008354756044632851
5.280670698140793	-0.005338833560160844
5.418550598927371	-0.003591973665779048
5.556430499713948	-0.002497017299557991
5.694310400500526	-0.00177014704645843
5.832190301287103	-0.001272371423357488
5.970070202073681	-0.0009237036945285906
6.107950102860259	-0.0006755734871610663
6.245830003646836	-0.000496701222056892
6.383709904433414	-0.0003667727961312825
6.521589805219992	-0.000271855623599555
6.659469706006569	-0.0002021162077665046
6.797349606793147	-0.0001506430131890481
6.935229507579725	-0.0001125061140002485
7.073109408366302	-8.416180069860166e-05
7.21098930915288	-6.304319119576835e-05
7.348869209939457	-4.727667864655655e-05
7.486749110726035	-3.548617910574554e-05
7.624629011512613	-2.665707294765573e-05
7.76250891229919	-2.003789333588765e-05
7.900388813085768	-1.507084477620281e-05
8.038268713872345	-1.134045725626524e-05
8.176148614658922	-8.537259744907709e-06
8.3140285154455	-6.428472028985261e-06
8.451908416232078	-4.842266373789146e-06
8.589788317018655	-3.648364024111843e-06
8.727668217805233	-2.749404222933137e-06
8.865548118591811	-2.072309611745684e-06
9.003428019378388	-1.562178616983913e-06
9.141307920164966	-1.177748914938199e-06
9.279187820951543	-8.879872877329507e-07
9.417067721738121	-6.695439957951214e-07
9.554947622524699	-5.048425479605823e-07
9.692827523311276	-3.806475103564561e-07
9.830707424097854	-2.869891267981803e-07
9.968587324884432	-2.163552915594303e-07
10.10646722567101	-1.630844286691283e-07
10.24434712645759	-1.229085416768857e-07
10.38222702724416	-9.260970626569076e-08
10.52010692803074	-6.976119448734168e-08
10.65798682881732	-5.253278265876119e-08
10.7958667296039	-3.9543885553721e-08
10.93374663039048	-2.975303625440113e-08
11.07162653117705	-2.237451621025409e-08
11.20950643196363	-1.681553050455617e-08
11.34738633275021	-1.262879183690274e-08
11.48526623353679	-9.476842852287067e-09
11.62314613432336	-7.105033651230626e-09
11.76102603510994	-5.321266677304848e-09
11.89890593589652	-3.98060381598736e-09
12.0367858366831	-2.973733790883595e-09
12.17466573746967	-2.218199730422015e-09
12.31254563825625	-1.651834303594275e-09
12.45042553904283	-1.227759311150338e-09
12.58830543982941	-9.106489859272705e-10
12.72618534061598	-6.738793571319226e-10
12.86406524140256	-4.974016466280479e-10
13.00194514218914	-3.661175796569589e-10
13.13982504297572	-2.686692972163842e-10
13.27770494376229	-1.965132625044479e-10
13.41558484454887	-1.432320272105006e-10
13.55346474533545	-1.04006703067204e-10
13.69134464612203	-7.522554379956158e-11
13.82922454690861	-5.418346885747977e-11
13.96710444769518	-3.885954266849234e-11
14.10498434848176	-2.774589115441923e-11
14.24286424926834	-1.972117422813147e-11
14.38074415005492	-1.395321246198539e-11
14.51862405084149	-9.827037801227749e-12
14.65650395162807	-6.889519391815249e-12
14.79438385241465	-4.808502018472022e-12
14.93226375320123	-3.341416311524581e-12
15.0701436539878	-2.31217256072442e-12
15.20802355477438	-1.593498531005811e-12
15.34590345556096	-1.094000664831619e-12
15.48378335634754	-7.483570738365829e-13
15.62166325713411	-5.101898357560622e-13
15.75954315792069	-3.467250076862207e-13
15.89742305870727	-2.349520180353644e-13
16.03530295949385	-1.587858747935204e-13
16.17318286028042	-1.070507633206391e-13
16.311062761067	-7.201183656223506e-14
16.44894266185358	-4.834505353477979e-14
16.58682256264015	-3.239772347091002e-14
16.72470246342673	-2.16759261196743e-14
16.8625823642133	-1.448136417327937e-14
17.00046226499988	-9.662381649182436e-15
17.13834216578645	-6.439577473197391e-15
17.27622206657303	-4.287375750069718e-15
17.41410196735961	-2.851877418827195e-15
17.55198186814618	-1.895515124251259e-15
17.68986176893276	-1.258968477824009e-15
17.82774166971933	-8.356732463181287e-16
17.96562157050591	-5.543930862723855e-16
18.10350147129249	-3.67615680284375e-16
18.24138137207906	-2.436597539974357e-16
18.37926127286564	-1.614418687459566e-16
18.51714117365221	-1.069311274783119e-16
18.65502107443879	-7.080628210326219e-17
18.79290097522536	-4.687352512086604e-17
18.93078087601194	-3.10235703492506e-17
19.06866077679852	-2.052906863443245e-17
19.20654067758509	-1.358241831301571e-17
19.34442057837167	-8.984989137613594e-18
19.48230047915824	-5.942994014873951e-18
19.62018037994482	-3.930432900543657e-18
19.7580602807314	-2.599175898933911e-18
19.89594018151797	-1.718658429819996e-18
20.03382008230455	-1.136353631752301e-18
20.17169998309112	-7.512848356495668e-19
20.3095798838777	-4.966760853984995e-19
20.44745978466428	-3.283337805872137e-19
20.58533968545085	-2.170406405498106e-19
20.72321958623743	-1.434647392238825e-19
20.861099487024	-9.482803522538006e-20
20.99897938781058	-6.267735619873096e-20
21.13685928859715	-4.142621847557699e-20
21.27473918938373	-2.737947102978233e-20
21.41261909017031	-1.809539032166151e-20
21.55049899095688	-1.19590890621555e-20
21.68837889174346	-7.903568275348155e-21
21.82625879253003	-5.223205731689682e-21
21.96413869331661	-3.451813952676624e-21
22.10201859410319	-2.281117247109856e-21
22.23989849488976	-1.507457819029812e-21
22.37777839567634	-9.961702527703871e-22
22.51565829646291	-6.582942170752085e-22
22.65353819724949	-4.350087321913141e-22
22.79141809803606	-2.874580761593318e-22
22.92929799882264	-1.899516034436084e-22
23.06717789960922	-1.255192673553267e-22
23.20505780039579	-8.294114868032739e-23
23.34293770118237	-5.480610481257704e-23
23.48081760196894	-3.621431302547377e-23
23.61869750275552	-2.392935388183902e-23
23.7565774035421	-1.581154250014929e-23
23.89445730432867	-1.044761139141825e-23
24.03233720511525	-6.903230722499203e-24
24.17021710590182	-4.561286073552493e-24
24.3080970066884	-3.013802950729103e-24
24.44597690747498	-1.991324044718812e-24
24.58385680826155	-1.315714364301046e-24
24.72173670904813	-8.693222569417846e-25
24.8596166098347	-5.743710189068567e-25
24.99749651062128	-3.794929196642e-25
25.13537641140785	-2.507305713428075e-25
25.27325631219443	-1.656571759031237e-25
25.41113621298101	-1.094474291414626e-25
25.54901611376758	-7.231029247695478e-26
25.68689601455416	-4.77734819877862e-26
25.82477591534073	-3.156260146426952e-26
25.96265581612731	-2.085214667190811e-26
26.10053571691389	-1.3776145410012e-26
26.23841561770046	-9.101156544963218e-27
26.37629551848704	-6.012626861995515e-27
26.51417541927361	-3.972131890442529e-27
26.65205532006019	-2.624107966895568e-27
26.78993522084676	-1.733529732630374e-27
26.92781512163334	-1.145194690004968e-27
27.06569502241992	-7.565170193343817e-28
27.20357492320649	-4.997540442042379e-28
27.34145482399307	-3.301300563319423e-28
27.47933472477964	-2.180779986048234e-28
27.61721462556622	-1.440554052889719e-28
27.7550945263528	-9.515794585679383e-29
27.89297442713937	-6.285664809807769e-29
28.03085432792595	-4.151976942031095e-29
28.16873422871252	-2.742515273933856e-29
28.3066141294991	-1.811509004594517e-29
28.44449403028568	-1.196525639213801e-29
28.58237393107225	-7.903161324519973e-30
28.72025383185883	-5.219991323062831e-30
28.8581337326454	-3.447732603933733e-30
28.99601363343198	-2.277116033617635e-30
29.13389353421855	-1.503955501034915e-30
29.27177343500513	-9.932897459934386e-31
29.40965333579171	-6.560136237653707e-31
29.54753323657828	-4.332498520565975e-31
29.68541313736486	-2.86127727939302e-31
29.82329303815143	-1.889600927097993e-31
29.96117293893801	-1.247888604331732e-31
30.09905283972459	-8.240807615632576e-32
30.23693274051116	-5.442007277051451e-32
30.37481264129774	-3.593656279593664e-32
30.51269254208431	-2.373051269806675e-32
30.65057244287089	-1.566980968043599e-32
30.78845234365746	-1.034705266498481e-32
30.92633224444404	-6.832172561934306e-33
31.06421214523062	-4.511227976059241e-33
31.20209204601719	-2.978634254460264e-33
31.33997194680377	-1.966688007705217e-33
31.47785184759034	-1.298500439124744e-33
31.61573174837692	-8.573154645585746e-34
31.7536116491635	-5.660125301456547e-34
31.89149154995007	-3.736778540847681e-34
32.02937145073665	-2.466948918933985e-34
32.16725135152323	-1.628660397471577e-34
