0
200	0.510998902	100000000000000.1
5	0	0	1
5	0	0	0
-0.5891188896601621	-48.33843149223065
-0.4245809939630353	-28.52664646890321
-0.2600430982659084	-20.52366342831942
-0.09550520256878162	-15.62065795271771
0.0690326931283452	-12.18147829828859
0.233570588825472	-9.719511524431891
0.3981084845225988	-7.808551940634753
0.5626463802197257	-6.340212224373124
0.7271842759168525	-5.170312799701871
0.8917221716139794	-4.196299546537095
1.056260067311106	-3.438875751619306
1.220797963008233	-2.821428287339591
1.38533585870536	-2.317149424259469
1.549873754402487	-1.903902842094449
1.714411650099614	-1.564421983397257
1.87894954579674	-1.2850886800659
2.043487441493867	-1.054981310402545
2.208025337190994	-0.8652841197002928
2.372563232888121	-0.7088432778907944
2.537101128585248	-0.5798225611267293
2.701639024282374	-0.4734460023476385
2.866176919979501	-0.3857895890723858
3.030714815676628	-0.3136246364408584
3.195252711373755	-0.2542848400629795
3.359790607070882	-0.2055662765073859
3.524328502768009	-0.1656440581175864
3.688866398465136	-0.1330030281472321
3.853404294162262	-0.1063858845067825
4.017942189859389	-0.08474661772364703
4.182480085556516	-0.06721448167017416
4.347017981253642	-0.05306412743176223
4.511555876950768	-0.04169142785169344
4.676093772647895	-0.03259306040292424
4.840631668345021	-0.02535009623220403
5.005169564042148	-0.01961444600426591
5.169707459739274	-0.01509733456742265
5.3342453554364	-0.01156019964124731
5.498783251133527	-0.008806493487036165
5.663321146830653	-0.006675354070399399
5.82785904252778	-0.005035625709967658
5.992396938224906	-0.003781302065477368
6.156934833922032	-0.002827100321774236
6.321472729619159	-0.002105156389694836
6.486010625316285	-0.001561707596188306
6.650548521013412	-0.001154593294726502
6.815086416710538	-0.0008509655682696978
6.979624312407664	-0.0006254462748078855
7.144162208104791	-0.0004585641061655189
7.308700103801917	-0.0003354873050358842
7.473237999499044	-0.0002449876223188956
7.63777589519617	-0.0001786181085801291
7.802313790893296	-0.0001300565893091049
7.966851686590423	-9.459585096972327e-05
8.13138958228755	-6.874538551193952e-05
8.295927477984677	-4.992781166255254e-05
8.460465373681803	-3.624579851663175e-05
8.625003269378929	-2.630717307634557e-05
8.789541165076056	-1.909297285262228e-05
8.954079060773182	-1.385907618347052e-05
9.118616956470309	-1.006313051529471e-05
9.283154852167435	-7.310467986295405e-06
9.447692747864561	-5.314280396954586e-06
9.612230643561688	-3.866375627565127e-06
9.776768539258814	-2.815767366910933e-06
9.941306434955941	-2.053004668217269e-06
10.10584433065307	-1.498827092507629e-06
10.27038222635019	-1.095834600400967e-06
10.43492012204732	-8.024758969462443e-07
10.59945801774445	-5.886650434193685e-07
10.76399591344157	-4.326192949085116e-07
10.9285338091387	-3.185589913463179e-07
11.09307170483583	-2.350497560427699e-07
11.25760960053295	-1.737990267045625e-07
11.42214749623008	-1.287874790034161e-07
11.5866853919272	-9.564616771285423e-08
11.75122328762433	-7.119111381722108e-08
11.91576118332146	-5.310759734191076e-08
12.08029907901858	-3.970565713877576e-08
12.24483697471571	-2.97508229625723e-08
12.40937487041284	-2.234044085830119e-08
12.57391276610996	-1.681097298219912e-08
12.73845066180709	-1.267560981796942e-08
12.90298855750422	-9.576906093788023e-09
13.06752645320134	-7.249148908721401e-09
13.23206434889847	-5.497076087622414e-09
13.3966022445956	-4.175610305584053e-09
13.56114014029272	-3.176949433654134e-09
13.72567803598985	-2.42081520771583e-09
13.89021593168697	-1.847275803029951e-09
14.0547538273841	-1.411493455674434e-09
14.21929172308123	-1.079844376712054e-09
14.38382961877835	-8.270610664388083e-10
14.54836751447548	-6.341145593589903e-10
14.71290541017261	-4.866447862912238e-10
14.87744330586973	-3.73793984121119e-10
15.04198120156686	-2.873366315766756e-10
15.20651909726399	-2.210304756699732e-10
15.37105699296111	-1.701299524655293e-10
15.53559488865824	-1.310217234737006e-10
15.70013278435536	-1.009502211709475e-10
15.86467068005249	-7.7811119750644e-11
16.02920857574962	-5.99952050946989e-11
16.19374647144674	-4.627042191648419e-11
16.35828436714387	-3.569233428236553e-11
16.522822262841	-2.753628145617936e-11
16.68736015853812	-2.124563152978434e-11
16.85189805423525	-1.63924887412472e-11
17.01643594993238	-1.26476289587978e-11
17.1809738456295	-9.757580856709189e-12
17.34551174132663	-7.527055216475207e-12
17.51004963702376	-5.805520762390895e-12
17.67458753272088	-4.47687472471403e-12
17.83912542841801	-3.451544132072462e-12
18.00366332411513	-2.660389540507744e-12
18.16820121981226	-2.050037122746442e-12
18.33273911550939	-1.579268873530183e-12
18.49727701120651	-1.216254890678542e-12
18.66181490690364	-9.364089185331959e-13
18.82635280260077	-7.207431920952057e-13
18.99089069829789	-5.545923799609367e-13
19.15542859399502	-4.266297386856911e-13
19.31996648969215	-3.281121920342854e-13
19.48450438538927	-2.52289327178565e-13
19.6490422810864	-1.939523225803164e-13
19.81358017678352	-1.490822528793884e-13
19.97811807248065	-1.145801738498505e-13
20.14265596817778	-8.805689035307502e-14
20.3071938638749	-6.76716735870307e-14
20.47173175957203	-5.200662608383124e-14
20.63626965526916	-3.997033427141039e-14
20.80080755096628	-3.072285926344624e-14
20.96534544666341	-2.361823627185512e-14
21.12988334236054	-1.815976578498391e-14
21.29442123805766	-1.396574284703983e-14
21.45895913375479	-1.074287619369049e-14
21.62349702945192	-8.265901824085462e-15
21.78803492514904	-6.361815759223208e-15
21.95257282084617	-4.897787214021125e-15
22.11711071654329	-3.77182361988731e-15
22.28164861224042	-2.905620692926312e-15
22.44618650793755	-2.239052769267472e-15
22.61072440363467	-1.725950558210916e-15
22.7752622993318	-1.33085403600857e-15
22.93980019502893	-1.026524308868522e-15
23.10433809072605	-7.920314605422658e-16
23.26887598642318	-6.112899842193898e-16
23.43341388212031	-4.719326947551615e-16
23.59795177781743	-3.644492985320351e-16
23.76248967351456	-2.815230059931993e-16
23.92702756921168	-2.175233485392122e-16
24.09156546490881	-1.681156376936667e-16
24.25610336060594	-1.299617620502914e-16
24.42064125630306	-1.004900277026494e-16
24.58517915200019	-7.771858360102804e-17
24.74971704769732	-6.011955837786651e-17
24.91425494339444	-4.651468098989224e-17
25.07879283909157	-3.599497471431321e-17
25.2433307347887	-2.785899082928535e-17
25.40786863048582	-2.156525142719104e-17
25.57240652618295	-1.669564177554215e-17
25.73694442188008	-1.292720942733896e-17
25.9014823175772	-1.001043546323085e-17
26.06602021327433	-7.752483059205998e-18
26.23055810897145	-6.004283120637563e-18
26.39509600466858	-4.650571969865998e-18
26.55963390036571	-3.602208860371774e-18
26.72417179606283	-2.790235687899215e-18
26.88870969175996	-2.161293798530403e-18
27.05324758745709	-1.674088187382761e-18
27.21778548315421	-1.296654023855217e-18
27.38232337885134	-1.004244716708628e-18
27.54686127454847	-7.777003533589902e-19
27.71139917024559	-6.021838121644415e-19
27.87593706594272	-4.662026063992624e-19
28.04047496163984	-3.60854166995761e-19
28.20501285733697	-2.79241619960438e-19
28.3695507530341	-2.160212639676188e-19
28.53408864873122	-1.670528208190394e-19
28.69862654442835	-1.29128117485057e-19
28.86316444012548	-9.97607687320153e-20
29.0277023358226	-7.702375221124401e-20
29.19224023151973	-5.942365710289921e-20
29.35677812721686	-4.580309425541259e-20
29.52131602291398	-3.526505948029813e-20
29.68585391861111	-2.711440147156865e-20
29.85039181430824	-2.08123919531529e-20
30.01492971000536	-1.594157599908398e-20
30.17946760570249	-1.217852042602495e-20
30.34400550139961	-9.272665310931273e-21
30.50854339709674	-7.02990982760377e-21
30.67308129279387	-5.299924232120349e-21
30.83761918849099	-3.966304580331567e-21
31.00215708418812	-2.938938411024804e-21
31.16669497988525	-2.148085652687357e-21
31.33123287558237	-1.539789138822109e-21
31.4957707712795	-1.07231758168831e-21
31.66030866697663	-7.134075045583156e-22
31.82484656267375	-4.381285614204812e-22
31.98938445837088	-2.272245217910848e-22
32.15392235406801	-6.5828283806205e-23
0
200	0.510998902	100000000000000.1
5	0	0	1
5	0	0	0
-0.5891188896601621	-453.8936519156352
-0.4245809939630353	-101.1597379144891
-0.2600430982659084	-47.63007637903198
-0.09550520256878162	-26.77367176945446
0.0690326931283452	-16.31387127967566
0.233570588825472	-10.40838947326356
0.3981084845225988	-6.836847486409218
0.5626463802197257	-4.578761332131163
0.7271842759168525	-3.108227581991024
0.8917221716139794	-2.130183812121764
1.056260067311106	-1.44209993331388
1.220797963008233	-0.9985887428177386
1.38533585870536	-0.6931104250673544
1.549873754402487	-0.4824414162462844
1.714411650099614	-0.336484648157752
1.87894954579674	-0.2350103693957808
2.043487441493867	-0.1642921552593411
2.208025337190994	-0.1149174404325879
2.372563232888121	-0.08039748754137213
2.537101128585248	-0.05624023778111938
2.701639024282374	-0.03932458621631978
2.866176919979501	-0.02747639932420222
3.030714815676628	-0.01917770303640002
3.195252711373755	-0.01336698594719415
3.359790607070882	-0.009300833309096035
3.524328502768009	-0.006458143805525686
3.688866398465136	-0.004473324971358816
3.853404294162262	-0.003089708400257653
4.017942189859389	-0.002127151756172329
4.182480085556516	-0.001459152040844803
4.347017981253642	-0.000996895132258727
4.511555876950768	-0.0006780733988564675
4.676093772647895	-0.0004590124598456484
4.840631668345021	-0.0003091357528083171
5.005169564042148	-0.0002070752158840152
5.169707459739274	-0.0001379312419636984
5.3342453554364	-9.134472739703822e-05
5.498783251133527	-6.013839584756421e-05
5.663321146830653	-3.93607447514666e-05
5.82785904252778	-2.561213541305638e-05
5.992396938224906	-1.65713127806011e-05
6.156934833922032	-1.066311382220825e-05
6.321472729619159	-6.825289087612924e-06
6.486010625316285	-4.347187865026702e-06
6.650548521013412	-2.756017567674103e-06
6.815086416710538	-1.739806279170854e-06
6.979624312407664	-1.094014330149746e-06
7.144162208104791	-6.855055749347032e-07
7.308700103801917	-4.281779241648626e-07
7.473237999499044	-2.666977743149741e-07
7.63777589519617	-1.657081839757291e-07
7.802313790893296	-1.027399123688078e-07
7.966851686590423	-6.358214273218693e-08
8.13138958228755	-3.928754010456847e-08
8.295927477984677	-2.424429061520165e-08
8.460465373681803	-1.49453995646917e-08
8.625003269378929	-9.205464342137319e-09
8.789541165076056	-5.666522875983528e-09
8.954079060773182	-3.486629179583123e-09
9.118616956470309	-2.144840933941999e-09
9.283154852167435	-1.319356848822161e-09
9.447692747864561	-8.116787729915833e-10
9.612230643561688	-4.994988441182632e-10
9.776768539258814	-3.075332732463359e-10
9.941306434955941	-1.894650811883479e-10
10.10584433065307	-1.168204131933656e-10
10.27038222635019	-7.209924023465062e-11
10.43492012204732	-4.454890562117415e-11
10.59945801774445	-2.756159111244088e-11
10.76399591344157	-1.707657206837133e-11
10.9285338091387	-1.05970954024384e-11
11.09307170483583	-6.587544161672883e-12
11.25760960053295	-4.102626311153655e-12
11.42214749623008	-2.560071168900359e-12
11.5866853919272	-1.600782351022937e-12
11.75122328762433	-1.003088118350549e-12
11.91576118332146	-6.299353372917392e-13
12.08029907901858	-3.964827256147206e-13
12.24483697471571	-2.501103061998793e-13
12.40937487041284	-1.58133739973445e-13
12.57391276610996	-1.002062932989048e-13
12.73845066180709	-6.364104977887081e-14
12.90298855750422	-4.050584993591871e-14
13.06752645320134	-2.583784711506572e-14
13.23206434889847	-1.651501641290764e-14
13.3966022445956	-1.057731663870644e-14
13.56114014029272	-6.787536359845026e-15
13.72567803598985	-4.363633554140935e-15
13.89021593168697	-2.810265530813991e-15
14.0547538273841	-1.812874228127399e-15
14.21929172308123	-1.171302488254809e-15
14.38382961877835	-7.578952917681932e-16
14.54836751447548	-4.91073808960106e-16
14.71290541017261	-3.185957515270485e-16
14.87744330586973	-2.069416104725495e-16
15.04198120156686	-1.345643295494403e-16
15.20651909726399	-8.75884019691901e-17
15.37105699296111	-5.706363214469545e-17
15.53559488865824	-3.720749203051673e-17
15.70013278435536	-2.427859154655346e-17
15.86467068005249	-1.585268170136944e-17
16.02920857574962	-1.035701231718442e-17
16.19374647144674	-6.769941530369892e-18
16.35828436714387	-4.427135248741998e-18
16.522822262841	-2.896118902958469e-18
16.68736015853812	-1.895120808731365e-18
16.85189805423525	-1.240379826627761e-18
17.01643594993238	-8.119763526766129e-19
17.1809738456295	-5.315883437068204e-19
17.34551174132663	-3.480382948587451e-19
17.51004963702376	-2.278625098377762e-19
17.67458753272088	-1.491735688472476e-19
17.83912542841801	-9.764754883354077e-20
18.00366332411513	-6.390919717131573e-20
18.16820121981226	-4.181944639883764e-20
18.33273911550939	-2.735848288206236e-20
18.49727701120651	-1.789322576187898e-20
18.66181490690364	-1.169926914726763e-20
18.82635280260077	-7.64699723797205e-21
18.99089069829789	-4.996678079700818e-21
19.15542859399502	-3.263804226499862e-21
19.31996648969215	-2.131187338298347e-21
19.48450438538927	-1.391150276043663e-21
19.6490422810864	-9.078009736304063e-22
19.81358017678352	-5.92212666510213e-22
19.97811807248065	-3.862343842540205e-22
20.14265596817778	-2.518385556234322e-22
20.3071938638749	-1.641770656102474e-22
20.47173175957203	-1.070133047152847e-22
20.63626965526916	-6.974644995539249e-23
20.80080755096628	-4.54552141432464e-23
20.96534544666341	-2.962423569887279e-23
21.12988334236054	-1.93077065824279e-23
21.29442123805766	-1.258511125261158e-23
21.45895913375479	-8.204320965337347e-24
21.62349702945192	-5.349418995586725e-24
21.78803492514904	-3.488688779761833e-24
21.95257282084617	-2.275748240522406e-24
22.11711071654329	-1.484916819953327e-24
22.28164861224042	-9.691838410626449e-25
22.44618650793755	-6.327646418097554e-25
22.61072440363467	-4.132533367297062e-25
22.7752622993318	-2.699798004414844e-25
22.93980019502893	-1.764370098303578e-25
23.10433809072605	-1.153430856762044e-25
23.26887598642318	-7.542878543966791e-26
23.43341388212031	-4.934285190168219e-26
23.59795177781743	-3.228875727742834e-26
23.76248967351456	-2.113561100348746e-26
23.92702756921168	-1.38392255419439e-26
24.09156546490881	-9.06437173199582e-27
24.25610336060594	-5.938665504498302e-27
24.42064125630306	-3.891885338007777e-27
24.58517915200019	-2.551214773084688e-27
24.74971704769732	-1.672800618985718e-27
24.91425494339444	-1.097102020546069e-27
25.07879283909157	-7.196968818196395e-28
25.2433307347887	-4.722232018550801e-28
25.40786863048582	-3.099088828600581e-28
25.57240652618295	-2.03425279882564e-28
25.73694442188008	-1.335530308137373e-28
25.9014823175772	-8.769515469604196e-29
26.06602021327433	-5.759223073343829e-29
26.23055810897145	-3.782804564319845e-29
26.39509600466858	-2.484956125948343e-29
26.55963390036571	-1.632566767515309e-29
26.72417179606283	-1.072663785144954e-29
26.88870969175996	-7.048440266907723e-30
27.05324758745709	-4.631822413707178e-30
27.21778548315421	-3.043934071266117e-30
27.38232337885134	-2.000483635516079e-30
27.54686127454847	-1.314746951211263e-30
27.71139917024559	-8.640680561981968e-31
27.87593706594272	-5.678668188869065e-31
28.04047496163984	-3.73188377196654e-31
28.20501285733697	-2.452369923810255e-31
28.3695507530341	-1.611421302788988e-31
28.53408864873122	-1.058729014531483e-31
28.69862654442835	-6.955058667725639e-32
28.86316444012548	-4.568244740128132e-32
29.0277023358226	-2.999969079181711e-32
29.19224023151973	-1.969655285749778e-32
29.35677812721686	-1.292868142763905e-32
29.52131602291398	-8.48389843235159e-33
29.68585391861111	-5.565397986983081e-33
29.85039181430824	-3.649579457651319e-33
30.01492971000536	-2.392296499456953e-33
30.17946760570249	-1.567446825346621e-33
30.34400550139961	-1.026486883731211e-33
30.50854339709674	-6.718601217697414e-34
30.67308129279387	-4.394845165077019e-34
30.83761918849099	-2.872933747852229e-34
31.00215708418812	-1.876706296924176e-34
31.16669497988525	-1.224986714193305e-34
31.33123287558237	-7.989121134363767e-35
31.4957707712795	-5.205626603224598e-35
31.66030866697663	-3.38859588032679e-35
31.82484656267375	-2.203464843315094e-35
31.98938445837088	-1.431203149752107e-35
32.15392235406801	-9.284986121645378e-36
