0
200	1777.03	100000000000000.1
5	0	0	1
5	0	0	0
7.544582441876986	-0.01220125851682406
7.668349904834578	-0.007409912498975775
7.79211736779217	-0.005528806572870016
7.915884830749762	-0.004352844035892947
8.039652293707356	-0.00355199820529219
8.163419756664949	-0.002947299568650783
8.287187219622542	-0.002472961165829242
8.410954682580135	-0.002091526674215665
8.534722145537728	-0.00177922366777695
8.658489608495321	-0.001520221407248592
8.782257071452914	-0.001303259484020121
8.906024534410507	-0.001120264120428911
9.0297919973681	-0.0009649621051144581
9.153559460325694	-0.000832554675706129
9.277326923283287	-0.0007193068540457325
9.40109438624088	-0.0006221613542964494
9.524861849198473	-0.0005386130555616283
9.648629312156066	-0.0004666345481806213
9.772396775113659	-0.0004045194665953323
9.896164238071252	-0.0003508414579989216
10.01993170102885	-0.0003044037809428005
10.14369916398644	-0.0002641880901751465
10.26746662694403	-0.0002293311933104272
10.39123408990162	-0.0001990993717408469
10.51500155285922	-0.0001728597401557688
10.63876901581681	-0.0001500765766284509
10.7625364787744	-0.0001302823982050581
10.886303941732	-0.0001130809477551396
11.01007140468959	-9.812558216388084e-05
11.13383886764718	-8.511961710315149e-05
11.25760633060478	-7.380895422813734e-05
11.38137379356237	-6.39690492303337e-05
11.50514125651996	-5.541145447696021e-05
11.62890871947756	-4.7966257319986e-05
11.75267618243515	-4.149158962090486e-05
11.87644364539274	-3.585885149752137e-05
12.00021110835034	-3.0963353335271e-05
12.12397857130793	-2.670773144769542e-05
12.24774603426552	-2.300983968427327e-05
12.37151349722311	-1.979667969699285e-05
12.49528096018071	-1.700606533245258e-05
12.6190484231383	-1.458380303133644e-05
12.74281588609589	-1.248300676226068e-05
12.86658334905349	-1.066282045289997e-05
12.99035081201108	-9.0877346801943e-06
13.11411827496867	-7.726704876934306e-06
13.23788573792627	-6.552643411909497e-06
13.36165320088386	-5.541803043359981e-06
13.48542066384145	-4.67339030601452e-06
13.60918812679905	-3.929127811767719e-06
13.73295558975664	-3.292969109775225e-06
13.85672305271423	-2.750778480422812e-06
13.98049051567182	-2.290123125110312e-06
14.10425797862942	-1.900043378799186e-06
14.22802544158701	-1.570896721669008e-06
14.3517929045446	-1.29419044079233e-06
14.4755603675022	-1.062465195290055e-06
14.59932783045979	-8.691756111176065e-07
14.72309529341738	-7.085965029341697e-07
14.84686275637498	-5.757338855356633e-07
14.97063021933257	-4.662508034373919e-07
15.09439768229016	-3.763955296110353e-07
15.21816514524776	-3.02940524780521e-07
15.34193260820535	-2.431222731659248e-07
15.46570007116294	-1.945894938606649e-07
15.58946753412054	-1.553517268831925e-07
15.71323499707813	-1.237348495061563e-07
15.83700246003572	-9.833874127359486e-08
15.96076992299331	-7.799929533937633e-08
16.08453738595091	-6.175394955187902e-08
16.2083048489085	-4.881112530967742e-08
16.33207231186609	-3.85231237664071e-08
16.45583977482368	-3.036248791952775e-08
16.57960723778127	-2.390158819156269e-08
16.70337470073886	-1.879515623348087e-08
16.82714216369645	-1.476542362654372e-08
16.95090962665405	-1.158975601990115e-08
17.07467708961164	-9.090199604105368e-09
17.19844455256923	-7.12496069512188e-09
17.32221201552682	-5.581305845185994e-09
17.44597947848441	-4.369836246687488e-09
17.569746941442	-3.419777616777359e-09
17.69351440439959	-2.675218098835535e-09
17.81728186735718	-2.092043115231039e-09
17.94104933031478	-1.635505308910139e-09
18.06481679327237	-1.278262361974329e-09
18.18858425622996	-9.988266582213114e-10
18.31235171918755	-7.803244778378928e-10
18.43611918214514	-6.09519221825711e-10
18.55988664510273	-4.760315018548579e-10
18.68365410806032	-3.717323177456488e-10
18.80742157101792	-2.902533591698221e-10
18.93118903397551	-2.266130904704923e-10
19.0549564969331	-1.769120685433259e-10
19.17872395989069	-1.381024583877049e-10
19.30249142284828	-1.078001833985332e-10
19.42625888580587	-8.414279321990736e-11
19.55002634876346	-6.56743254515577e-11
19.67379381172105	-5.125771137898878e-11
19.79756127467865	-4.000454147342943e-11
19.92132873763624	-3.122112829552487e-11
20.04509620059383	-2.436565691622023e-11
20.16886366355142	-1.901516004982413e-11
20.29263112650901	-1.48393369828364e-11
20.4163985894666	-1.158040387589209e-11
20.54016605242419	-9.037069060552582e-12
20.66393351538179	-7.05224617173936e-12
20.78770097833938	-5.503302322505236e-12
20.91146844129697	-4.294537094411147e-12
21.03523590425456	-3.351244761573913e-12
21.15900336721215	-2.615132958504907e-12
21.28277083016974	-2.04069809423549e-12
21.40653829312733	-1.592435855461098e-12
21.53030575608492	-1.242632815983822e-12
21.65407321904252	-9.696658022312575e-13
21.77784068200011	-7.566571323697406e-13
21.9016081449577	-5.904385314066405e-13
22.02537560791529	-4.607317472517017e-13
22.14914307087288	-3.595175415102482e-13
22.27291053383047	-2.805374141169806e-13
22.39667799678806	-2.189064588519695e-13
22.52044545974566	-1.708144373923018e-13
22.64421292270325	-1.332871325144134e-13
22.76798038566084	-1.040040272364311e-13
22.89174784861843	-8.11539401015538e-14
23.01551531157602	-6.332380437246771e-14
23.13928277453361	-4.941077433143794e-14
23.2630502374912	-3.855441293777429e-14
23.38681770044879	-3.008317263174825e-14
23.51058516340639	-2.347311769414323e-14
23.63435262636398	-1.83153329895626e-14
23.75812008932157	-1.429078874278048e-14
23.88188755227916	-1.115049927788473e-14
24.00565501523675	-8.700203610931021e-15
24.12942247819434	-6.788302455967961e-15
24.25318994115193	-5.296510783089806e-15
24.37695740410953	-4.132517591182869e-15
24.50072486706712	-3.224305474769872e-15
24.62449233002471	-2.515670931436645e-15
24.7482597929823	-1.962763180253435e-15
24.87202725593989	-1.531362195220037e-15
24.99579471889748	-1.194769261650705e-15
25.11956218185507	-9.321499573594689e-16
25.24332964481266	-7.27249633408996e-16
25.36709710777026	-5.673831282085186e-16
25.49086457072785	-4.426551417512338e-16
25.61463203368544	-3.45341731982102e-16
25.73839949664303	-2.694193277394547e-16
25.86216695960062	-2.101855864937727e-16
25.98593442255821	-1.639730209850911e-16
26.1097018855158	-1.279193999981696e-16
26.2334693484734	-9.97919425386396e-17
26.35723681143099	-7.784824480082487e-17
26.48100427438858	-6.072905566091005e-17
26.60477173734617	-4.73738212550511e-17
26.72853920030376	-3.69550904622386e-17
26.85230666326135	-2.882729568121419e-17
26.97607412621894	-2.248676924470527e-17
27.09984158917653	-1.754055822029536e-17
27.22360905213413	-1.368209353508499e-17
27.34737651509172	-1.067220411496771e-17
27.47114397804931	-8.324301257054448e-18
27.5949114410069	-6.492813696196667e-18
27.71867890396449	-5.064177161115291e-18
27.84244636692208	-3.94979606242153e-18
27.96621382987967	-3.08055918624013e-18
28.08998129283727	-2.402547732241417e-18
28.21374875579486	-1.873702045030024e-18
28.33751621875245	-1.461212029722718e-18
28.46128368171004	-1.139481948086754e-18
28.58505114466763	-8.88546389450295e-19
28.70881860762522	-6.928306447278166e-19
28.83258607058281	-5.401860580360159e-19
28.9563535335404	-4.21136090825741e-19
29.080120996498	-3.282885899191898e-19
29.20388845945559	-2.558780112079478e-19
29.32765592241318	-1.994069176518899e-19
29.45142338537077	-1.553674804581368e-19
29.57519084832836	-1.210236366389684e-19
29.69895831128595	-9.42413665305809e-20
29.82272577424354	-7.335625415534991e-20
29.94649323720114	-5.707015762345655e-20
30.07026070015873	-4.437062802320225e-20
30.19402816311632	-3.446802880967713e-20
30.31779562607391	-2.674655114075827e-20
30.4415630890315	-2.072591858479472e-20
30.56533055198909	-1.603158880747102e-20
30.68909801494668	-1.237147500940821e-20
30.81286547790427	-9.51779879031197e-21
30.93663294086187	-7.292930148844421e-21
31.06040040381946	-5.558356756215662e-21
31.18416786677705	-4.20606742522785e-21
31.30793532973464	-3.151838129660245e-21
31.43170279269223	-2.32999575058876e-21
31.55547025564982	-1.689332312296596e-21
31.67923771860741	-1.189920293105764e-21
31.80300518156501	-8.006275464602827e-22
31.9267726445226	-4.971832887966116e-22
32.05054010748019	-2.606639591456315e-22
32.17430757043778	-7.631376807721128e-23
0
200	1777.03	100000000000000.1
5	0	0	1
5	0	0	0
7.544582441876986	-4.401872604154382e-05
7.668349904834578	-9.705369425012524e-06
7.79211736779217	-4.737452321792493e-06
7.915884830749762	-2.80277358303175e-06
8.039652293707356	-1.810438166212077e-06
8.163419756664949	-1.229930961609273e-06
8.287187219622542	-8.630198842461912e-07
8.410954682580135	-6.188202865519444e-07
8.534722145537728	-4.506561767127026e-07
8.658489608495321	-3.319408285248862e-07
8.782257071452914	-2.465998164390889e-07
8.906024534410507	-1.843966050322096e-07
9.0297919973681	-1.385865602183743e-07
9.153559460325694	-1.045766716890491e-07
9.277326923283287	-7.915833512043674e-08
9.40109438624088	-6.007834019853635e-08
9.524861849198473	-4.56988313546005e-08
9.648629312156066	-3.481647907117907e-08
9.772396775113659	-2.656727690636352e-08
9.896164238071252	-2.029778130966064e-08
10.01993170102885	-1.55242322808453e-08
10.14369916398644	-1.188409409826813e-08
10.26746662694403	-9.104589472042985e-09
10.39123408990162	-6.979861221635415e-09
10.51500155285922	-5.354072037173049e-09
10.63876901581681	-4.109011303254718e-09
10.7625364787744	-3.154809019747317e-09
10.886303941732	-2.423047433915053e-09
11.01007140468959	-1.861548922693764e-09
11.13383886764718	-1.430475789474014e-09
11.25760633060478	-1.099385670565205e-09
11.38137379356237	-8.450008166520747e-10
11.50514125651996	-6.494885117800691e-10
11.62890871947756	-4.991827015548005e-10
11.75267618243515	-3.836081244103069e-10
11.87644364539274	-2.947281533975437e-10
12.00021110835034	-2.263552551784867e-10
12.12397857130793	-1.738339848021064e-10
12.24774603426552	-1.334683482685281e-10
12.37151349722311	-1.024497707884934e-10
12.49528096018071	-7.859854804747093e-11
12.6190484231383	-6.025812192581534e-11
12.74281588609589	-4.615525781201136e-11
12.86658334905349	-3.531337417780897e-11
12.99035081201108	-2.698188909829817e-11
13.11411827496867	-2.058364530415461e-11
13.23788573792627	-1.567419246158575e-11
13.36165320088386	-1.191126113909463e-11
13.48542066384145	-9.030922740909228e-12
13.60918812679905	-6.829732844045834e-12
13.73295558975664	-5.150690968050221e-12
13.85672305271423	-3.872733346115074e-12
13.98049051567182	-2.902424842447272e-12
14.10425797862942	-2.167746295200077e-12
14.22802544158701	-1.613160020695854e-12
14.3517929045446	-1.195919926453884e-12
14.4755603675022	-8.831300516916757e-13
14.59932783045979	-6.495431633890484e-13
14.72309529341738	-4.758010691702837e-13
14.84686275637498	-3.47114646040543e-13
14.97063021933257	-2.522070829390455e-13
15.09439768229016	-1.825188341876335e-13
15.21816514524776	-1.315717061792858e-13
15.34193260820535	-9.448863991315434e-14
15.46570007116294	-6.761192986740002e-14
15.58946753412054	-4.821416762267445e-14
15.71323499707813	-3.427003597456673e-14
15.83700246003572	-2.428489279659152e-14
15.96076992299331	-1.716043218538243e-14
16.08453738595091	-1.209449500639879e-14
16.2083048489085	-8.503612855735408e-15
16.33207231186609	-5.96581334885083e-15
16.45583977482368	-4.17704785236346e-15
16.57960723778127	-2.91937271425472e-15
16.70337470073886	-2.037061097210655e-15
16.82714216369645	-1.419351227399452e-15
16.95090962665405	-9.876668274233952e-16
17.07467708961164	-6.864861112779321e-16
17.19844455256923	-4.76657359663168e-16
17.32221201552682	-3.306660033554069e-16
17.44597947848441	-2.292048597312652e-16
17.569746941442	-1.587650434845173e-16
17.69351440439959	-1.099046312649189e-16
17.81728186735718	-7.604042487684355e-17
17.94104933031478	-5.258549966585715e-17
18.06481679327237	-3.635052352819524e-17
18.18858425622996	-2.511872488760693e-17
18.31235171918755	-1.735207355315345e-17
18.43611918214514	-1.198356054137431e-17
18.55988664510273	-8.274102873352252e-18
18.68365410806032	-5.711710104622688e-18
18.80742157101792	-3.942191837561765e-18
18.93118903397551	-2.72045827551674e-18
19.0549564969331	-1.877121608786454e-18
19.17872395989069	-1.295067999387608e-18
19.30249142284828	-8.934157852161415e-19
19.42625888580587	-6.162789982279437e-19
19.55002634876346	-4.250823776774948e-19
19.67379381172105	-2.931845684833049e-19
19.79756127467865	-2.02203822964051e-19
19.92132873763624	-1.39449507528376e-19
20.04509620059383	-9.616810274134709e-20
20.16886366355142	-6.6317750428142e-20
20.29263112650901	-4.573189790267135e-20
20.4163985894666	-3.153529772428209e-20
20.54016605242419	-2.174546814040848e-20
20.66393351538179	-1.499449245031037e-20
20.78770097833938	-1.033929827818146e-20
20.91146844129697	-7.129241663537462e-21
21.03523590425456	-4.91579093333202e-21
21.15900336721215	-3.38951601602344e-21
21.28277083016974	-2.337120144819959e-21
21.40653829312733	-1.611460504007951e-21
21.53030575608492	-1.111112352884136e-21
21.65407321904252	-7.661115686557391e-22
21.77784068200011	-5.282336573073815e-22
21.9016081449577	-3.642135366842995e-22
22.02537560791529	-2.511229298855443e-22
22.14914307087288	-1.731461362560484e-22
22.27291053383047	-1.193823092025443e-22
22.39667799678806	-8.2312099742456e-23
22.52044545974566	-5.675279001522665e-23
22.64421292270325	-3.912968605318489e-23
22.76798038566084	-2.697902111581576e-23
22.89174784861843	-1.860126397741703e-23
23.01551531157602	-1.282504226908223e-23
23.13928277453361	-8.842416330581365e-24
23.2630502374912	-6.096534919005377e-24
23.38681770044879	-4.203304250956359e-24
23.51058516340639	-2.89800033195936e-24
23.63435262636398	-1.998028055722185e-24
23.75812008932157	-1.377540436882137e-24
23.88188755227916	-9.497350270581755e-25
24.00565501523675	-6.54786632297674e-25
24.12942247819434	-4.514317414893321e-25
24.25318994115193	-3.112317737551356e-25
24.37695740410953	-2.145709825979437e-25
24.50072486706712	-1.479300835421338e-25
24.62449233002471	-1.019849673809234e-25
24.7482597929823	-7.030966264222737e-26
24.87202725593989	-4.847175516544655e-26
24.99579471889748	-3.34165018897836e-26
25.11956218185507	-2.303707769172138e-26
25.24332964481266	-1.588151401023131e-26
25.36709710777026	-1.094838823319146e-26
25.49086457072785	-7.547562716049257e-27
25.61463203368544	-5.203040436932137e-27
25.73839949664303	-3.586786301672494e-27
25.86216695960062	-2.472562574891382e-27
25.98593442255821	-1.704459502502186e-27
26.1097018855158	-1.174949879582152e-27
26.2334693484734	-8.099336862466912e-28
26.35723681143099	-5.583065090890769e-28
26.48100427438858	-3.848514678523496e-28
26.60477173734617	-2.652811943049459e-28
26.72853920030376	-1.828590610733488e-28
26.85230666326135	-1.260430352298863e-28
26.97607412621894	-8.687968108423379e-29
27.09984158917653	-5.988391778165401e-29
27.22360905213413	-4.127608492898961e-29
27.34737651509172	-2.844976549963582e-29
27.47114397804931	-1.960898313567856e-29
27.5949114410069	-1.35152237444253e-29
27.71867890396449	-9.315094965242415e-30
27.84244636692208	-6.420115128593489e-30
27.96621382987967	-4.424803841549232e-30
28.08998129283727	-3.049555081257408e-30
28.21374875579486	-2.10171741242153e-30
28.33751621875245	-1.448448643151129e-30
28.46128368171004	-9.982211786124504e-31
28.58505114466763	-6.879247095009907e-31
28.70881860762522	-4.740781014445219e-31
28.83258607058281	-3.267001069455443e-31
28.9563535335404	-2.251349582102667e-31
29.080120996498	-1.551409316422747e-31
29.20388845945559	-1.069064596058934e-31
29.32765592241318	-7.366668019179556e-32
29.45142338537077	-5.076120439277566e-32
29.57519084832836	-3.497694662770722e-32
29.69895831128595	-2.410045057743645e-32
29.82272577424354	-1.660570024589963e-32
29.94649323720114	-1.144147760722251e-32
30.07026070015873	-7.883070062285354e-33
30.19402816311632	-5.431267556020742e-33
30.31779562607391	-3.741924242637001e-33
30.4415630890315	-2.577987856178082e-33
30.56533055198909	-1.77604614834651e-33
30.68909801494668	-1.22354312597739e-33
30.81286547790427	-8.428909129263879e-34
30.93663294086187	-5.80650277620971e-34
31.06040040381946	-3.999856958299589e-34
31.18416786677705	-2.755275390587333e-34
31.30793532973464	-1.897892699065682e-34
31.43170279269223	-1.307279660029981e-34
31.55547025564982	-9.004318423403749e-35
31.67923771860741	-6.201875803833936e-35
31.80300518156501	-4.271510391415864e-35
31.9267726445226	-2.941877188832616e-35
32.05054010748019	-2.026067645638326e-35
32.17430757043778	-1.39532999012799e-35
