0
200	0.510998902	100000000000000.1
5	0	0	1
5	0	0	0
-0.5891188896601621	-470.5838315425578
-0.4245809939630353	-289.7769604433928
-0.2600430982659084	-212.8420304459466
-0.09550520256878162	-164.4120434949629
0.0690326931283452	-131.4988933668954
0.233570588825472	-106.7052400021142
0.3981084845225988	-87.40888467888716
0.5626463802197257	-72.0450690615761
0.7271842759168525	-59.64153669002351
0.8917221716139794	-49.52693105833928
1.056260067311106	-41.21961315058762
1.220797963008233	-34.36160231560923
1.38533585870536	-28.67839458280676
1.549873754402487	-23.95535200426756
1.714411650099614	-20.02180510550377
1.87894954579674	-16.7402602048629
2.043487441493867	-13.99930707843584
2.208025337190994	-11.70751850694461
2.372563232888121	-9.789933051919364
2.537101128585248	-8.184424489091828
2.701639024282374	-6.839861958355703
2.866176919979501	-5.713358555722561
3.030714815676628	-4.769336916025496
3.195252711373755	-3.978285843412765
3.359790607070882	-3.315450958616097
3.524328502768009	-2.760141985614681
3.688866398465136	-2.295049191536422
3.853404294162262	-1.905681265157264
4.017942189859389	-1.579888886165392
4.182480085556516	-1.307483649393191
4.347017981253642	-1.079914026352733
4.511555876950768	-0.8899992063966558
4.676093772647895	-0.7317057488092412
4.840631668345021	-0.5999616344806465
5.005169564042148	-0.4905008874206859
5.169707459739274	-0.399733284553717
5.3342453554364	-0.3246366473922254
5.498783251133527	-0.2626649382283822
5.663321146830653	-0.2116728996991757
5.82785904252778	-0.169851857917008
5.992396938224906	-0.1356768449604452
6.156934833922032	-0.1078615277094197
6.321472729619159	-0.08532157507989958
6.486010625316285	-0.0671430701426449
6.650548521013412	-0.05255685898616935
6.815086416710538	-0.04091642241626752
6.979624312407664	-0.03167980296201359
7.144162208104791	-0.02439396696084228
7.308700103801917	-0.01868191814343411
7.473237999499044	-0.01423132936113364
7.63777589519617	-0.01078512196320181
7.802313790893296	-0.008132961039671106
7.966851686590423	-0.006104144415967556
8.13138958228755	-0.004561124361745712
8.295927477984677	-0.003394104901780356
8.460465373681803	-0.002516063822518772
8.625003269378929	-0.001858666426218327
8.789541165076056	-0.001368686701462038
8.954079060773182	-0.001004999672279272
9.118616956470309	-0.0007360673648319422
9.283154852167435	-0.0005378763644952335
9.447692747864561	-0.0003922614007447228
9.612230643561688	-0.0002855637951763462
9.776768539258814	-0.000207568792941746
9.941306434955941	-0.0001506747569518083
10.10584433065307	-0.0001092490762797294
10.27038222635019	-7.91343672289758e-05
10.43492012204732	-5.727252613450005e-05
10.59945801774445	-4.142080195357826e-05
10.76399591344157	-2.993867946671178e-05
10.9285338091387	-2.162890928431764e-05
11.09307170483583	-1.561945064892887e-05
11.25760960053295	-1.127622187339521e-05
11.42214749623008	-8.138843926859668e-06
11.5866853919272	-5.873477173950499e-06
11.75122328762433	-4.238300218061431e-06
11.91576118332146	-3.058309821114594e-06
12.08029907901858	-2.20695434421453e-06
12.24483697471571	-1.592781733122959e-06
12.40937487041284	-1.149739963690855e-06
12.57391276610996	-8.301449101073565e-07
12.73845066180709	-5.995854279032814e-07
12.90298855750422	-4.33236374508684e-07
13.06752645320134	-3.131922533577825e-07
13.23206434889847	-2.265416449756007e-07
13.3966022445956	-1.639748544005285e-07
13.56114014029272	-1.187796081367394e-07
13.72567803598985	-8.6116977343392e-08
13.89021593168697	-6.24983380995421e-08
14.0547538273841	-4.540797457193491e-08
14.21929172308123	-3.303187707332811e-08
14.38382961877835	-2.406161553159521e-08
14.54836751447548	-1.755339509371345e-08
14.71290541017261	-1.282608548120125e-08
14.87744330586973	-9.388056269452209e-09
15.04198120156686	-6.884191652513686e-09
15.20651909726399	-5.057909759300041e-09
15.37105699296111	-3.723649119984194e-09
15.53559488865824	-2.747137428438097e-09
15.70013278435536	-2.031107880078331e-09
15.86467068005249	-1.505039572850779e-09
16.02920857574962	-1.11773397034928e-09
16.19374647144674	-8.319786212161658e-10
16.35828436714387	-6.206798027286019e-10
16.522822262841	-4.640861928186106e-10
16.68736015853812	-3.47769092927867e-10
16.85189805423525	-2.611723280043719e-10
17.01643594993238	-1.965535647823321e-10
17.1809738456295	-1.482265789649896e-10
17.34551174132663	-1.120026707102495e-10
17.51004963702376	-8.479138656592306e-11
17.67458753272088	-6.430724562687331e-11
17.83912542841801	-4.8855341336898e-11
18.00366332411513	-3.717642828395986e-11
18.16820121981226	-2.833247832555013e-11
18.33273911550939	-2.162324181383583e-11
18.49727701120651	-1.652471784561541e-11
18.66181490690364	-1.264394368151792e-11
18.82635280260077	-9.685564422474408e-12
18.99089069829789	-7.427124855759883e-12
19.15542859399502	-5.700726236906935e-12
19.31996648969215	-4.379400636777873e-12
19.48450438538927	-3.366949656230869e-12
19.6490422810864	-2.590356781679656e-12
19.81358017678352	-1.994105913271011e-12
19.97811807248065	-1.535919387890764e-12
20.14265596817778	-1.183551365725497e-12
20.3071938638749	-9.123731111312124e-13
20.47173175957203	-7.035479019449036e-13
20.63626965526916	-5.426516378254665e-13
20.80080755096628	-4.18625908876909e-13
20.96534544666341	-3.229841540035044e-13
21.12988334236054	-2.492067936310514e-13
21.29442123805766	-1.922811743424704e-13
21.45895913375479	-1.483499953613948e-13
21.62349702945192	-1.144429692563336e-13
21.78803492514904	-8.827126279387193e-14
21.95257282084617	-6.807030287155068e-14
22.11711071654329	-5.247888953741266e-14
22.28164861224042	-4.044663047300242e-14
22.44618650793755	-3.116265211290887e-14
22.61072440363467	-2.400083657945257e-14
22.7752622993318	-1.847759273328578e-14
22.93980019502893	-1.421939302272421e-14
23.10433809072605	-1.093766518698587e-14
23.26887598642318	-8.409513650457814e-15
23.43341388212031	-6.46272105670598e-15
23.59795177781743	-4.964312209741132e-15
23.76248967351456	-3.81156330649821e-15
23.92702756921168	-2.9251869037986e-15
24.09156546490881	-2.243977287415125e-15
24.25610336060594	-1.720717460009631e-15
24.42064125630306	-1.318987120647419e-15
24.58517915200019	-1.010714386055691e-15
24.74971704769732	-7.742697894049209e-16
24.91425494339444	-5.92997907673247e-16
25.07879283909157	-4.540815545316044e-16
25.2433307347887	-3.476626162464081e-16
25.40786863048582	-2.661638214841932e-16
25.57240652618295	-2.037653425300774e-16
25.73694442188008	-1.559999696102134e-16
25.9014823175772	-1.194408846098243e-16
26.06602021327433	-9.146080943267818e-17
26.23055810897145	-7.004669128912771e-17
26.39509600466858	-5.365682155291004e-17
26.55963390036571	-4.111110897479754e-17
26.72417179606283	-3.150645675176734e-17
26.88870969175996	-2.415196121800733e-17
27.05324758745709	-1.85191303120372e-17
27.21778548315421	-1.420379183096828e-17
27.38232337885134	-1.089685770900244e-17
27.54686127454847	-8.361927299867481e-18
27.71139917024559	-6.418176993702327e-18
27.87593706594272	-4.927269754933379e-18
28.04047496163984	-3.783348449670663e-18
28.20501285733697	-2.905390998283934e-18
28.3695507530341	-2.231362671285277e-18
28.53408864873122	-1.713751517417593e-18
28.69862654442835	-1.316155127208762e-18
28.86316444012548	-1.010673366434187e-18
29.0277023358226	-7.759146036181212e-19
29.19224023151973	-5.954713450810044e-19
29.35677812721686	-4.567544123667913e-19
29.52131602291398	-3.50101017685242e-19
29.68585391861111	-2.680920353471182e-19
29.85039181430824	-2.050289663531265e-19
30.01492971000536	-1.565337171027839e-19
30.17946760570249	-1.192414380883632e-19
30.34400550139961	-9.05654186089129e-20
30.50854339709674	-6.85170169631601e-20
30.67308129279387	-5.156699354835907e-20
30.83761918849099	-3.853892355115137e-20
31.00215708418812	-2.852768835224828e-20
31.16669497988525	-2.083691965064624e-20
31.33123287558237	-1.493079914112691e-20
31.4957707712795	-1.039700121977092e-20
31.66030866697663	-6.918234963354001e-21
31.82484656267375	-4.250381187537801e-21
31.98938445837088	-2.205617716220891e-21
32.15392235406801	-6.394398977680596e-22
0
200	0.510998902	100000000000000.1
5	0	0	1
5	0	0	0
-0.5891188896601621	-3884.787451035427
-0.4245809939630353	-964.5504659763212
-0.2600430982659084	-460.4438721025143
-0.09550520256878162	-261.7574182166688
0.0690326931283452	-161.8745771540688
0.233570588825472	-105.037697548594
0.3981084845225988	-70.12412589948423
0.5626463802197257	-47.69827980891617
0.7271842759168525	-32.83479665892831
0.8917221716139794	-22.79750384362457
1.056260067311106	-15.92577040930882
1.220797963008233	-11.17505870358981
1.38533585870536	-7.867479993371442
1.549873754402487	-5.552679162973006
1.714411650099614	-3.926349911539249
1.87894954579674	-2.780398668369505
2.043487441493867	-1.971102102189496
2.208025337190994	-1.398580022715582
2.372563232888121	-0.9930015751588822
2.537101128585248	-0.7053874634927494
2.701639024282374	-0.5012512957811738
2.866176919979501	-0.356272321009887
3.030714815676628	-0.2532577016894763
3.195252711373755	-0.1800220042410819
3.359790607070882	-0.1279495838769155
3.524328502768009	-0.09091870573864132
3.688866398465136	-0.06458229790574838
3.853404294162262	-0.0458523604154833
4.017942189859389	-0.03253396871643888
4.182480085556516	-0.02306596334397704
4.347017981253642	-0.01633771755459145
4.511555876950768	-0.01155883355413126
4.676093772647895	-0.008166743600219057
4.840631668345021	-0.005760971997196013
5.005169564042148	-0.004056435943847985
5.169707459739274	-0.00285019573247621
5.3342453554364	-0.00199781060065946
5.498783251133527	-0.001396504589921164
5.663321146830653	-0.0009731694525962342
5.82785904252778	-0.0006758259603859857
5.992396938224906	-0.0004675405569063402
6.156934833922032	-0.0003220900764587825
6.321472729619159	-0.0002208742236489909
6.486010625316285	-0.00015071778016159
6.650548521013412	-0.0001023028705541736
6.815086416710538	-6.905315268187169e-05
6.979624312407664	-4.633837583324173e-05
7.144162208104791	-3.090831965979351e-05
7.308700103801917	-2.048954845805082e-05
7.473237999499044	-1.349863571077029e-05
7.63777589519617	-8.838103097500739e-06
7.802313790893296	-5.751546819923005e-06
7.966851686590423	-3.720840422021465e-06
8.13138958228755	-2.393485849471492e-06
8.295927477984677	-1.53134923911691e-06
8.460465373681803	-9.748171710840213e-07
8.625003269378929	-6.176339358527011e-07
8.789541165076056	-3.896376062943658e-07
8.954079060773182	-2.448367352164745e-07
9.118616956470309	-1.532999680753724e-07
9.283154852167435	-9.567862991231286e-08
9.447692747864561	-5.954508745340516e-08
9.612230643561688	-3.696372765992842e-08
9.776768539258814	-2.289471397459167e-08
9.941306434955941	-1.415284073619968e-08
10.10584433065307	-8.733936080608159e-09
10.27038222635019	-5.381854975095708e-09
10.43492012204732	-3.312053658305459e-09
10.59945801774445	-2.036029194079871e-09
10.76399591344157	-1.250436564630767e-09
10.9285338091387	-7.67346823650515e-10
11.09307170483583	-4.705751543710069e-10
11.25760960053295	-2.884176229261283e-10
11.42214749623008	-1.766905821423943e-10
11.5866853919272	-1.082037327029474e-10
11.75122328762433	-6.624352871728613e-11
11.91576118332146	-4.054606464554024e-11
12.08029907901858	-2.481349346869924e-11
12.24483697471571	-1.518408808927707e-11
12.40937487041284	-9.291339911590535e-12
12.57391276610996	-5.685686097651021e-12
12.73845066180709	-3.479600511808624e-12
12.90298855750422	-2.12982817208352e-12
13.06752645320134	-1.303939255622581e-12
13.23206434889847	-7.985405644279992e-13
13.3966022445956	-4.892107939446762e-13
13.56114014029272	-2.998389658354814e-13
13.72567803598985	-1.838692234583889e-13
13.89021593168697	-1.128231237145259e-13
14.0547538273841	-6.927931368689882e-14
14.21929172308123	-4.257665728243869e-14
14.38382961877835	-2.619110466009358e-14
14.54836751447548	-1.612878368811453e-14
14.71290541017261	-9.944220092309056e-15
14.87744330586973	-6.139246507427937e-15
15.04198120156686	-3.795706773878077e-15
15.20651909726399	-2.350481519926963e-15
15.37105699296111	-1.458020381544358e-15
15.53559488865824	-9.0606949789125e-16
15.70013278435536	-5.641565519215688e-16
15.86467068005249	-3.519796306050806e-16
16.02920857574962	-2.200664216421778e-16
16.19374647144674	-1.378908576802073e-16
16.35828436714387	-8.659402956554698e-17
16.522822262841	-5.450342220281458e-17
16.68736015853812	-3.438382198232918e-17
16.85189805423525	-2.17408504148277e-17
17.01643594993238	-1.377809146262704e-17
17.1809738456295	-8.75132786600976e-18
17.34551174132663	-5.570845465766396e-18
17.51004963702376	-3.553856717688156e-18
17.67458753272088	-2.271858299860812e-18
17.83912542841801	-1.455267487080624e-18
18.00366332411513	-9.339873496323994e-19
18.16820121981226	-6.005412655550341e-19
18.33273911550939	-3.868182506554685e-19
18.49727701120651	-2.495710785568289e-19
18.66181490690364	-1.61273261464266e-19
18.82635280260077	-1.04368673641395e-19
18.99089069829789	-6.76356002697022e-20
19.15542859399502	-4.388706484291624e-20
19.31996648969215	-2.851100341470354e-20
19.48450438538927	-1.854226298469037e-20
19.6490422810864	-1.207112526766649e-20
19.81358017678352	-7.865540879849545e-21
19.97811807248065	-5.129415558290694e-21
20.14265596817778	-3.347561236309879e-21
20.3071938638749	-2.186127295698019e-21
20.47173175957203	-1.428477811475883e-21
20.63626965526916	-9.338774308364217e-22
20.80080755096628	-6.107892421333355e-22
20.96534544666341	-3.996201510374722e-22
21.12988334236054	-2.615329931067815e-22
21.29442123805766	-1.711985783869289e-22
21.45895913375479	-1.120827266279234e-22
21.62349702945192	-7.338639322032891e-23
21.78803492514904	-4.805102375134883e-23
21.95257282084617	-3.146121194140284e-23
22.11711071654329	-2.059716881121257e-23
22.28164861224042	-1.348268741665072e-23
22.44618650793755	-8.823840730425529e-24
22.61072440363467	-5.77339293466982e-24
22.7752622993318	-3.776368962571641e-24
22.93980019502893	-2.469280959233111e-24
23.10433809072605	-1.613985891077871e-24
23.26887598642318	-1.054505171321002e-24
23.43341388212031	-6.886544782228363e-25
23.59795177781743	-4.495199601902371e-25
23.76248967351456	-2.932783628944983e-25
23.92702756921168	-1.912456305335003e-25
24.09156546490881	-1.246457838932764e-25
24.25610336060594	-8.119739380803845e-26
24.42064125630306	-5.286711157846679e-26
24.58517915200019	-3.440485990318343e-26
24.74971704769732	-2.237959670767317e-26
24.91425494339444	-1.455124972474079e-26
25.07879283909157	-9.457535550138232e-27
25.2433307347887	-6.144875822035837e-27
25.40786863048582	-3.991400317802401e-27
25.57240652618295	-2.592047951357572e-27
25.73694442188008	-1.683018737411704e-27
25.9014823175772	-1.092684979962661e-27
26.06602021327433	-7.093883903286222e-28
26.23055810897145	-4.605603614009015e-28
26.39509600466858	-2.990358616134972e-28
26.55963390036571	-1.941858063143562e-28
26.72417179606283	-1.261206076433149e-28
26.88870969175996	-8.193158120504342e-29
27.05324758745709	-5.32384009411223e-29
27.21778548315421	-3.460335968671331e-29
27.38232337885134	-2.249766153076289e-29
27.54686127454847	-1.463153388010307e-29
27.71139917024559	-9.518683180801522e-30
27.87593706594272	-6.194416196636771e-30
28.04047496163984	-4.032340362444228e-30
28.20501285733697	-2.625695436412123e-30
28.3695507530341	-1.710232002744034e-30
28.53408864873122	-1.114252225975787e-30
28.69862654442835	-7.261393807813031e-31
28.86316444012548	-4.733212282011289e-31
29.0277023358226	-3.085881304074425e-31
29.19224023151973	-2.012237327566402e-31
29.35677812721686	-1.312325382201186e-31
29.52131602291398	-8.559597574336366e-32
29.68585391861111	-5.583397483548107e-32
29.85039181430824	-3.6421924372154e-32
30.01492971000536	-2.375901259997516e-32
30.17946760570249	-1.54982781767624e-32
30.34400550139961	-1.010898851732299e-32
30.50854339709674	-6.592920919598861e-33
30.67308129279387	-4.299042048127708e-33
30.83761918849099	-2.8026863805038e-33
31.00215708418812	-1.82667873883521e-33
31.16669497988525	-1.190180880350372e-33
31.33123287558237	-7.751761995859895e-34
31.4957707712795	-5.046667225691295e-34
31.66030866697663	-3.283950616961746e-34
31.82484656267375	-2.135732201914099e-34
31.98938445837088	-1.388117848895357e-34
32.15392235406801	-9.015923556023962e-35
